DPOGS200001-PA	DPSCF300466	100.000	98	0	0	1	98	69626	69333	3.76e-43	153
DPOGS200001-PA	DPSCF300466	100.000	35	0	0	99	133	67981	67877	2.86e-16	76.3
DPOGS200001-PA	DPSCF300339	56.154	130	52	3	2	126	152470	152081	7.91e-26	103
DPOGS200001-PA	DPSCF300339	55.844	77	33	1	1	77	158649	158422	2.67e-10	59.3
DPOGS200001-PA	DPSCF300021	100.000	35	0	0	99	133	1159704	1159808	2.87e-16	76.3
DPOGS200001-PA	DPSCF300498	59.048	105	40	1	2	103	39742	40056	5.92e-16	75.5
DPOGS200001-PA	DPSCF300132	50.000	60	18	2	85	132	259597	259776	9.72e-09	54.7
DPOGS200001-PA	DPSCF300026	54.545	44	13	1	96	132	1060043	1059912	8.69e-08	52.0
DPOGS200001-PA	DPSCF300043	54.545	44	13	1	96	132	1076541	1076672	2.30e-07	50.8
DPOGS200001-PA	DPSCF300262	70.000	30	9	0	103	132	313136	313225	3.91e-07	50.1
DPOGS200001-PA	DPSCF300049	60.526	38	10	1	96	128	378986	379099	3.99e-07	50.1
DPOGS200001-PA	DPSCF300148	50.000	44	15	1	96	132	320588	320719	4.18e-06	47.4
DPOGS200002-PA	DPSCF300466	99.352	463	3	0	495	957	40578	41966	0.0	865
DPOGS200002-PA	DPSCF300466	84.932	146	18	1	283	424	38874	39311	2.90e-65	234
DPOGS200002-PA	DPSCF300466	30.508	59	41	0	194	252	38578	38754	2.90e-65	38.5
DPOGS200002-PA	DPSCF300466	85.185	108	9	1	70	177	37436	37738	6.41e-45	180
DPOGS200002-PA	DPSCF300466	97.674	86	2	0	412	497	40123	40380	2.09e-42	172
DPOGS200002-PA	DPSCF300466	100.000	84	0	0	158	241	37933	38184	3.61e-42	171
DPOGS200002-PA	DPSCF300466	93.548	62	4	0	239	300	38569	38754	1.63e-25	117
DPOGS200002-PA	DPSCF300466	94.340	53	3	0	18	70	36921	37079	2.57e-22	107
DPOGS200002-PA	DPSCF300466	30.709	127	87	1	179	305	38934	39311	2.68e-06	54.3
DPOGS200002-PA	DPSCF300021	27.723	404	238	8	194	591	88538	89605	3.93e-27	122
DPOGS200002-PA	DPSCF300021	27.021	433	238	16	194	602	392792	391656	4.25e-22	106
DPOGS200002-PA	DPSCF300021	23.881	469	285	8	142	550	194744	196114	1.33e-19	98.2
DPOGS200002-PA	DPSCF300021	28.923	325	202	5	197	493	88037	89008	1.17e-18	95.1
DPOGS200002-PA	DPSCF300021	25.786	477	319	16	148	600	487190	488587	8.67e-18	92.4
DPOGS200002-PA	DPSCF300021	27.701	361	200	11	192	491	486653	487735	3.48e-16	87.0
DPOGS200002-PA	DPSCF300021	26.346	353	237	4	164	493	393596	392538	8.88e-16	85.5
DPOGS200002-PA	DPSCF300021	28.571	357	235	8	197	538	393293	392238	1.09e-14	82.0
DPOGS200002-PA	DPSCF300021	24.755	408	228	10	194	527	194336	195544	1.37e-14	81.6
DPOGS200002-PA	DPSCF300021	28.190	337	203	8	194	522	634017	634934	1.54e-14	81.6
DPOGS200002-PA	DPSCF300021	34.028	144	81	4	743	875	489302	489724	3.50e-14	80.5
DPOGS200002-PA	DPSCF300021	29.126	309	207	6	194	493	812532	813449	7.47e-14	79.3
DPOGS200002-PA	DPSCF300021	24.471	425	265	13	197	600	634176	635345	4.33e-12	73.6
DPOGS200002-PA	DPSCF300021	24.845	322	180	6	210	493	812343	813236	9.09e-12	72.4
DPOGS200002-PA	DPSCF300021	25.781	384	224	8	194	522	812757	813890	1.37e-10	68.6
DPOGS200002-PA	DPSCF300021	20.913	526	306	14	194	613	812829	814394	2.91e-10	67.4
DPOGS200002-PA	DPSCF300021	30.108	93	49	2	793	875	815184	815444	6.47e-08	59.7
DPOGS200002-PA	DPSCF300021	30.075	133	89	2	200	331	391601	391212	4.34e-07	57.0
DPOGS200002-PA	DPSCF300021	26.027	219	118	9	691	873	635850	636482	1.00e-06	55.8
DPOGS200002-PA	DPSCF300021	25.617	324	185	11	193	493	633408	634280	2.25e-06	54.7
DPOGS200002-PA	DPSCF300021	24.397	373	235	11	192	526	87515	88606	5.87e-06	53.5
DPOGS200002-PA	DPSCF300113	30.690	290	155	11	671	932	288517	287702	6.65e-22	105
DPOGS200002-PA	DPSCF300053	26.651	424	268	11	137	525	590213	591460	2.98e-20	100
DPOGS200002-PA	DPSCF300053	26.361	349	182	7	192	491	591317	592285	2.13e-09	64.7
DPOGS200002-PA	DPSCF300035	33.333	186	110	4	748	924	530583	531125	2.27e-19	97.4
DPOGS200002-PA	DPSCF300035	28.033	239	136	7	671	875	324466	325176	2.31e-19	97.4
DPOGS200002-PA	DPSCF300035	25.549	364	222	7	153	473	527988	529061	3.33e-18	93.6
DPOGS200002-PA	DPSCF300035	25.676	370	265	6	158	520	322513	323613	1.27e-17	91.7
DPOGS200002-PA	DPSCF300035	24.203	533	300	19	163	600	528189	529760	2.33e-17	90.9
DPOGS200002-PA	DPSCF300035	22.005	409	263	11	165	526	322078	323277	1.34e-13	78.6
DPOGS200002-PA	DPSCF300035	25.949	316	200	8	209	493	322456	323394	2.88e-13	77.4
DPOGS200002-PA	DPSCF300035	25.938	320	223	7	229	539	322444	323388	5.77e-11	69.7
DPOGS200002-PA	DPSCF300074	25.926	405	235	7	215	606	631020	629962	2.56e-18	94.0
DPOGS200002-PA	DPSCF300140	26.923	338	190	7	194	525	616437	617297	6.00e-17	89.4
DPOGS200002-PA	DPSCF300118	26.392	413	271	14	182	577	462915	461725	2.37e-16	87.4
DPOGS200002-PA	DPSCF300118	24.603	378	256	11	163	520	463635	462529	1.58e-07	58.5
DPOGS200002-PA	DPSCF300235	30.455	220	149	4	164	379	457835	458494	4.01e-16	86.7
DPOGS200002-PA	DPSCF300235	32.039	206	139	1	192	396	47992	48609	1.82e-15	84.7
DPOGS200002-PA	DPSCF300235	25.100	251	181	2	203	446	214825	215577	3.19e-10	67.4
DPOGS200002-PA	DPSCF300235	31.928	166	109	2	166	328	214996	215490	2.11e-09	64.7
DPOGS200002-PA	DPSCF300235	26.087	207	152	1	194	399	214870	215490	2.45e-07	57.8
DPOGS200002-PA	DPSCF300063	24.433	397	248	4	194	540	972569	971385	4.08e-16	86.7
DPOGS200002-PA	DPSCF300063	26.974	304	197	9	229	517	972686	971805	4.66e-14	80.1
DPOGS200002-PA	DPSCF300063	29.185	233	153	5	190	417	972002	971325	5.18e-07	57.0
DPOGS200002-PA	DPSCF300087	25.086	291	214	3	137	423	354284	353412	4.75e-16	86.7
DPOGS200002-PA	DPSCF300087	23.048	269	158	4	206	473	354287	353625	1.04e-08	62.4
DPOGS200002-PA	DPSCF300079	24.734	376	231	7	194	517	661256	662383	2.55e-15	84.0
DPOGS200002-PA	DPSCF300079	26.923	416	223	14	138	498	661229	662398	1.81e-13	78.2
DPOGS200002-PA	DPSCF300079	22.785	316	214	4	207	493	661733	662677	9.38e-09	62.4
DPOGS200002-PA	DPSCF300079	28.736	261	165	8	165	413	662177	662932	3.49e-08	60.8
DPOGS200002-PA	DPSCF300079	23.560	382	199	11	160	506	661946	662917	8.52e-07	56.2
DPOGS200002-PA	DPSCF300232	29.555	247	165	4	142	384	685429	686154	5.69e-15	83.2
DPOGS200002-PA	DPSCF300232	28.655	171	120	2	258	426	685492	686004	1.05e-06	55.8
DPOGS200002-PA	DPSCF300045	24.685	397	247	7	196	591	255294	254257	8.46e-15	82.4
DPOGS200002-PA	DPSCF300329	29.661	236	162	3	142	374	38406	39110	2.45e-14	80.9
DPOGS200002-PA	DPSCF300329	25.685	292	145	5	203	493	38448	39110	1.07e-07	58.9
DPOGS200002-PA	DPSCF300009	24.444	315	206	6	194	504	2124829	2123969	8.57e-13	75.9
DPOGS200002-PA	DPSCF300009	23.291	468	273	10	138	550	2125288	2123978	2.38e-12	74.3
DPOGS200002-PA	DPSCF300009	27.820	266	163	8	139	401	2124133	2123414	3.63e-11	70.5
DPOGS200002-PA	DPSCF300009	25.490	306	176	7	194	496	2124685	2123915	8.34e-09	62.8
DPOGS200002-PA	DPSCF300066	29.487	234	115	4	287	494	596237	596866	1.89e-12	74.7
DPOGS200002-PA	DPSCF300066	24.351	308	201	7	154	435	596072	596977	1.99e-08	61.6
DPOGS200002-PA	DPSCF300014	27.273	352	218	10	157	473	1922822	1923868	2.19e-12	74.3
DPOGS200002-PA	DPSCF300014	25.783	415	222	13	169	503	1923809	1925035	3.42e-11	70.5
DPOGS200002-PA	DPSCF300014	22.794	408	256	10	194	545	1924103	1925317	2.53e-07	57.8
DPOGS200002-PA	DPSCF300020	27.760	317	202	11	200	498	234518	233595	5.17e-12	73.2
DPOGS200002-PA	DPSCF300020	23.645	406	248	12	147	525	233870	232758	2.57e-11	70.9
DPOGS200002-PA	DPSCF300112	24.634	410	246	10	196	591	441061	439979	1.12e-11	72.0
DPOGS200002-PA	DPSCF300112	28.042	189	133	3	194	379	440779	440213	1.81e-07	58.5
DPOGS200002-PA	DPSCF300126	26.174	298	194	3	197	493	85703	84885	3.27e-11	70.5
DPOGS200002-PA	DPSCF300126	24.510	306	204	4	197	477	104911	105822	3.71e-11	70.5
DPOGS200002-PA	DPSCF300126	26.873	387	225	11	187	520	113871	112726	7.34e-09	62.8
DPOGS200002-PA	DPSCF300126	25.496	353	229	10	171	491	114723	113671	3.05e-07	57.8
DPOGS200002-PA	DPSCF300126	21.250	400	211	8	192	491	105109	106296	1.59e-06	55.1
DPOGS200002-PA	DPSCF300126	21.250	400	211	8	192	491	85505	84318	1.62e-06	55.1
DPOGS200002-PA	DPSCF300047	34.426	122	67	2	766	875	520776	521138	1.70e-10	68.2
DPOGS200002-PA	DPSCF300047	24.650	357	204	10	194	493	519303	520349	1.82e-06	55.1
DPOGS200002-PA	DPSCF300064	24.599	187	131	2	173	349	1446397	1445837	9.96e-09	62.4
DPOGS200002-PA	DPSCF300006	24.759	311	216	8	285	590	226374	225481	1.10e-08	62.4
DPOGS200002-PA	DPSCF300006	34.356	163	91	6	221	377	226143	225685	1.58e-06	55.1
DPOGS200002-PA	DPSCF300006	24.315	292	145	7	207	423	152410	151538	4.30e-06	53.9
DPOGS200002-PA	DPSCF300149	25.735	408	239	12	194	550	346986	348170	1.34e-08	62.0
DPOGS200002-PA	DPSCF300286	28.662	157	108	2	197	349	282138	282608	4.09e-08	60.5
DPOGS200002-PA	DPSCF300286	31.818	132	79	3	272	396	282147	282530	1.34e-06	55.5
DPOGS200002-PA	DPSCF300001	29.213	178	121	4	187	364	3189920	3189402	9.14e-08	59.3
DPOGS200002-PA	DPSCF300004	26.010	396	252	13	153	520	261127	259979	7.38e-07	56.2
DPOGS200002-PA	DPSCF300534	31.343	201	128	6	335	527	37675	37079	1.47e-06	55.5
DPOGS200002-PA	DPSCF300372	31.343	201	128	6	335	527	21257	20661	1.66e-06	55.1
DPOGS200002-PA	DPSCF300176	25.620	242	139	6	171	406	681836	682456	1.67e-06	55.1
DPOGS200002-PA	DPSCF300176	25.620	242	139	6	171	406	692039	692659	1.67e-06	55.1
DPOGS200002-PA	DPSCF300343	23.661	224	146	3	203	401	123852	123181	1.89e-06	55.1
DPOGS200002-PA	DPSCF300007	32.597	181	94	5	245	423	1411168	1410704	2.12e-06	54.7
DPOGS200002-PA	DPSCF300076	26.277	274	165	6	160	396	649179	650000	4.83e-06	53.5
DPOGS200003-PA	DPSCF300466	100.000	130	0	0	1	130	57982	58371	4.37e-79	255
DPOGS200003-PA	DPSCF300402	70.000	130	35	2	1	130	105872	105495	8.85e-48	166
DPOGS200003-PA	DPSCF300336	52.308	130	42	1	1	130	227049	227378	4.58e-29	112
DPOGS200003-PA	DPSCF300336	62.500	56	20	1	75	130	232347	232511	7.88e-16	65.1
DPOGS200003-PA	DPSCF300336	70.370	27	8	0	50	76	232282	232362	7.88e-16	36.6
DPOGS200003-PA	DPSCF300126	71.053	76	21	1	1	76	81825	81601	2.67e-24	95.9
DPOGS200003-PA	DPSCF300126	50.000	34	17	0	97	130	81593	81492	2.67e-24	34.3
DPOGS200695-PA	DPSCF300571	74.038	104	0	1	474	550	18178	18489	7.01e-54	119
DPOGS200695-PA	DPSCF300571	91.379	58	5	0	421	478	17945	18118	7.01e-54	114
DPOGS200695-PA	DPSCF300571	100.000	50	0	0	80	129	11284	11433	3.00e-38	107
DPOGS200695-PA	DPSCF300571	97.059	34	1	0	47	80	11121	11222	3.00e-38	73.2
DPOGS200695-PA	DPSCF300571	98.000	50	1	0	80	129	15164	15313	1.25e-37	105
DPOGS200695-PA	DPSCF300571	97.059	34	1	0	47	80	15001	15102	1.25e-37	73.2
DPOGS200695-PA	DPSCF300571	100.000	50	0	0	154	203	15164	15313	4.86e-35	108
DPOGS200695-PA	DPSCF300571	80.000	35	7	0	120	154	14998	15102	4.86e-35	62.0
DPOGS200695-PA	DPSCF300571	98.000	50	1	0	154	203	11284	11433	2.80e-34	105
DPOGS200695-PA	DPSCF300571	80.000	35	7	0	120	154	11118	11222	2.80e-34	62.0
DPOGS200695-PA	DPSCF300571	94.915	59	3	0	365	423	17157	17333	2.14e-28	123
DPOGS200695-PA	DPSCF300571	96.552	58	2	0	201	258	15704	15877	7.78e-28	121
DPOGS200695-PA	DPSCF300571	96.226	53	2	0	317	369	16822	16980	3.62e-23	107
DPOGS200695-PA	DPSCF300571	100.000	45	0	0	1	45	9569	9703	2.29e-19	95.5
DPOGS200695-PA	DPSCF300571	97.059	34	1	0	257	290	16061	16162	2.29e-11	69.7
DPOGS200695-PA	DPSCF300018	74.038	104	0	1	474	550	207394	207705	3.54e-53	119
DPOGS200695-PA	DPSCF300018	89.655	58	6	0	421	478	207162	207335	3.54e-53	111
DPOGS200695-PA	DPSCF300546	89.091	55	6	0	369	423	20180	20016	2.97e-47	107
DPOGS200695-PA	DPSCF300546	41.622	185	50	4	420	550	19894	19352	2.97e-47	104
DPOGS200695-PA	DPSCF300546	98.000	50	1	0	80	129	22124	21975	8.97e-38	106
DPOGS200695-PA	DPSCF300546	80.488	41	7	1	40	80	22305	22186	8.97e-38	72.8
DPOGS200695-PA	DPSCF300546	98.000	50	1	0	154	203	22124	21975	4.54e-34	105
DPOGS200695-PA	DPSCF300546	77.143	35	8	0	120	154	22290	22186	4.54e-34	61.2
DPOGS200695-PA	DPSCF300546	93.103	58	4	0	201	258	21623	21450	8.76e-26	115
DPOGS200695-PA	DPSCF300546	69.231	52	16	0	318	369	20464	20309	3.49e-16	85.1
DPOGS200695-PA	DPSCF300546	96.875	32	1	0	259	290	21263	21168	4.13e-10	65.9
DPOGS200695-PA	DPSCF300546	87.500	32	4	0	473	504	19661	19566	1.47e-09	63.9
DPOGS200695-PA	DPSCF300200	62.857	105	39	0	154	258	97055	96741	3.05e-36	147
DPOGS200695-PA	DPSCF300200	62.857	105	39	0	154	258	115223	115537	3.40e-36	147
DPOGS200695-PA	DPSCF300200	61.905	105	40	0	154	258	112003	112317	5.68e-36	146
DPOGS200695-PA	DPSCF300200	34.259	216	106	4	322	503	112760	113401	6.26e-30	128
DPOGS200695-PA	DPSCF300200	64.103	78	28	0	181	258	104625	104392	1.68e-25	114
DPOGS200695-PA	DPSCF300200	44.340	106	58	1	321	426	115973	116287	3.02e-21	101
DPOGS200695-PA	DPSCF300200	44.340	106	58	1	321	426	103956	103642	3.02e-21	101
DPOGS200695-PA	DPSCF300200	42.718	103	58	1	321	423	96305	96000	4.90e-21	100
DPOGS200695-PA	DPSCF300200	57.377	61	26	0	155	215	89950	89768	3.10e-15	82.4
DPOGS200695-PA	DPSCF300200	60.000	50	20	0	80	129	112003	112152	3.94e-11	68.9
DPOGS200695-PA	DPSCF300200	60.000	50	20	0	80	129	97055	96906	5.13e-11	68.6
DPOGS200695-PA	DPSCF300200	60.000	50	20	0	80	129	115223	115372	5.40e-11	68.6
DPOGS200695-PA	DPSCF300200	57.143	49	21	0	81	129	89950	89804	2.61e-10	66.2
DPOGS200695-PA	DPSCF300200	54.545	44	20	0	215	258	89316	89185	1.57e-08	60.5
DPOGS200695-PA	DPSCF300200	23.037	191	91	4	365	504	87097	86540	1.79e-08	60.5
DPOGS200695-PA	DPSCF300200	48.214	56	29	0	321	376	88212	88045	1.95e-07	57.0
DPOGS200695-PA	DPSCF300176	40.952	105	60	2	321	424	637263	637574	6.34e-35	83.6
DPOGS200695-PA	DPSCF300176	43.750	80	43	2	425	504	637651	637884	6.34e-35	75.1
DPOGS200695-PA	DPSCF300176	54.286	35	16	0	506	540	637976	638080	6.34e-35	31.2
DPOGS200695-PA	DPSCF300176	33.929	280	120	7	321	540	623550	624374	1.01e-34	142
DPOGS200695-PA	DPSCF300176	44.231	104	56	2	321	423	628960	629268	1.12e-34	85.1
DPOGS200695-PA	DPSCF300176	43.750	80	43	2	425	504	629363	629596	1.12e-34	73.6
DPOGS200695-PA	DPSCF300176	54.286	35	16	0	506	540	629688	629792	1.12e-34	30.8
DPOGS200695-PA	DPSCF300176	53.846	130	60	0	152	281	658656	659045	1.63e-34	142
DPOGS200695-PA	DPSCF300176	54.331	127	58	0	155	281	654128	654508	7.80e-34	140
DPOGS200695-PA	DPSCF300176	51.969	127	61	0	155	281	636338	636718	2.33e-33	139
DPOGS200695-PA	DPSCF300176	50.382	131	65	0	151	281	622656	623048	3.73e-33	138
DPOGS200695-PA	DPSCF300176	55.140	107	48	0	152	258	589200	589520	5.59e-33	125
DPOGS200695-PA	DPSCF300176	53.333	30	14	0	130	159	589067	589156	5.59e-33	37.4
DPOGS200695-PA	DPSCF300176	51.181	127	62	0	155	281	646396	646776	7.67e-32	134
DPOGS200695-PA	DPSCF300176	50.394	127	63	0	155	281	628267	628647	1.20e-31	133
DPOGS200695-PA	DPSCF300176	37.063	143	65	3	421	540	655449	655871	1.64e-31	79.7
DPOGS200695-PA	DPSCF300176	39.806	103	60	1	321	423	655081	655383	1.64e-31	78.6
DPOGS200695-PA	DPSCF300176	49.606	127	64	0	155	281	615627	616007	2.21e-31	132
DPOGS200695-PA	DPSCF300176	37.063	143	65	3	421	540	659986	660408	3.07e-31	79.0
DPOGS200695-PA	DPSCF300176	39.806	103	60	1	321	423	659618	659920	3.07e-31	78.6
DPOGS200695-PA	DPSCF300176	55.769	104	46	0	155	258	600373	600684	1.55e-29	127
DPOGS200695-PA	DPSCF300176	48.031	127	66	0	155	281	605273	605653	3.70e-29	125
DPOGS200695-PA	DPSCF300176	48.031	127	66	0	155	281	596058	596438	4.64e-29	125
DPOGS200695-PA	DPSCF300176	32.479	234	103	5	322	503	601198	601890	3.15e-28	123
DPOGS200695-PA	DPSCF300176	35.789	190	94	4	321	484	647263	647826	2.36e-26	117
DPOGS200695-PA	DPSCF300176	37.255	102	61	1	321	419	589945	590250	2.82e-24	73.2
DPOGS200695-PA	DPSCF300176	35.000	80	50	2	425	504	590334	590567	2.82e-24	60.8
DPOGS200695-PA	DPSCF300176	44.681	94	50	2	321	413	616534	616812	2.66e-14	79.3
DPOGS200695-PA	DPSCF300176	44.304	79	42	2	425	503	617036	617266	9.26e-13	74.3
DPOGS200695-PA	DPSCF300176	44.304	79	42	2	425	503	597459	597689	1.06e-12	73.9
DPOGS200695-PA	DPSCF300176	44.304	79	42	2	425	503	606678	606908	1.06e-12	73.9
DPOGS200695-PA	DPSCF300176	46.154	52	28	0	78	129	589200	589355	2.44e-12	56.2
DPOGS200695-PA	DPSCF300176	53.333	30	14	0	56	85	589067	589156	2.44e-12	37.4
DPOGS200695-PA	DPSCF300176	59.615	52	21	0	78	129	658656	658811	5.56e-10	65.5
DPOGS200695-PA	DPSCF300176	54.717	53	24	0	77	129	622656	622814	2.13e-09	63.5
DPOGS200695-PA	DPSCF300176	61.224	49	19	0	81	129	654128	654274	2.55e-09	63.2
DPOGS200695-PA	DPSCF300176	55.102	49	22	0	81	129	636338	636484	9.51e-09	61.2
DPOGS200695-PA	DPSCF300176	55.102	49	22	0	81	129	646396	646542	1.32e-08	60.8
DPOGS200695-PA	DPSCF300176	38.095	84	50	2	330	412	597022	597270	1.45e-08	60.1
DPOGS200695-PA	DPSCF300176	38.095	84	50	2	330	412	606236	606484	1.45e-08	60.1
DPOGS200695-PA	DPSCF300176	77.778	9	2	0	322	330	597000	597026	1.45e-08	20.8
DPOGS200695-PA	DPSCF300176	77.778	9	2	0	322	330	606214	606240	1.45e-08	20.8
DPOGS200695-PA	DPSCF300176	57.143	49	21	0	81	129	600373	600519	1.47e-07	57.4
DPOGS200695-PA	DPSCF300176	53.061	49	23	0	81	129	628267	628413	1.69e-07	57.4
DPOGS200695-PA	DPSCF300176	57.143	49	21	0	81	129	605273	605419	2.82e-07	56.6
DPOGS200695-PA	DPSCF300176	57.143	49	21	0	81	129	596058	596204	3.58e-07	56.2
DPOGS200695-PA	DPSCF300176	53.061	49	23	0	81	129	615627	615773	7.20e-07	55.1
DPOGS200695-PA	DPSCF300112	49.206	126	64	0	151	276	20079	20456	4.81e-32	126
DPOGS200695-PA	DPSCF300112	66.667	21	7	0	131	151	19928	19990	4.81e-32	33.5
DPOGS200695-PA	DPSCF300112	50.704	71	35	0	321	391	23664	23876	1.61e-14	80.1
DPOGS200695-PA	DPSCF300112	41.975	81	46	1	423	503	24330	24569	2.36e-13	76.3
DPOGS200695-PA	DPSCF300112	47.170	53	28	0	77	129	20079	20237	2.03e-10	53.5
DPOGS200695-PA	DPSCF300112	66.667	21	7	0	57	77	19928	19990	2.03e-10	33.5
DPOGS200695-PA	DPSCF300216	48.438	128	66	0	154	281	248702	249085	5.43e-32	134
DPOGS200695-PA	DPSCF300216	42.857	161	87	2	120	276	175287	175766	9.15e-31	130
DPOGS200695-PA	DPSCF300216	40.157	127	74	2	321	446	176289	176666	1.30e-17	89.7
DPOGS200695-PA	DPSCF300216	47.191	89	46	1	419	507	250279	250542	5.44e-16	84.7
DPOGS200695-PA	DPSCF300216	50.980	51	25	0	79	129	175395	175547	9.38e-15	56.6
DPOGS200695-PA	DPSCF300216	78.261	23	5	0	55	77	175235	175303	9.38e-15	45.4
DPOGS200695-PA	DPSCF300216	59.184	49	20	0	321	369	249621	249767	3.31e-11	67.0
DPOGS200695-PA	DPSCF300216	44.444	18	10	0	369	386	249838	249891	3.31e-11	22.7
DPOGS200695-PA	DPSCF300216	37.975	79	47	2	425	503	176811	177041	7.48e-09	61.6
DPOGS200695-PA	DPSCF300216	44.000	50	28	0	80	129	248702	248851	5.56e-06	52.4
DPOGS200695-PA	DPSCF300393	55.357	56	25	0	321	376	79431	79598	2.08e-28	69.7
DPOGS200695-PA	DPSCF300393	54.717	53	24	0	421	473	79881	80039	2.08e-28	67.4
DPOGS200695-PA	DPSCF300393	42.105	38	21	1	368	404	79646	79759	2.08e-28	31.2
DPOGS200695-PA	DPSCF300393	54.839	62	28	0	197	258	78457	78642	4.15e-14	78.6
DPOGS200695-PA	DPSCF300393	54.902	51	23	0	79	129	77913	78065	3.00e-08	59.7
DPOGS200695-PA	DPSCF300393	54.902	51	23	0	153	203	77913	78065	3.53e-08	59.3
DPOGS200695-PA	DPSCF300041	53.333	90	42	0	155	244	2066505	2066774	1.10e-26	107
DPOGS200695-PA	DPSCF300041	76.471	17	4	0	242	258	2066851	2066901	1.10e-26	34.7
DPOGS200695-PA	DPSCF300041	41.304	46	26	1	423	468	2067921	2068055	1.52e-09	42.0
DPOGS200695-PA	DPSCF300041	40.000	40	24	0	464	503	2068120	2068239	1.52e-09	42.0
DPOGS200695-PA	DPSCF300041	53.061	49	23	0	81	129	2066505	2066651	3.72e-09	62.8
DPOGS200695-PA	DPSCF300041	43.939	66	37	0	318	383	2067335	2067532	2.33e-08	60.1
DPOGS200695-PA	DPSCF300192	54.688	64	29	0	155	218	70599	70790	3.37e-24	81.3
DPOGS200695-PA	DPSCF300192	44.444	54	29	1	217	270	70879	71037	3.37e-24	52.4
DPOGS200695-PA	DPSCF300192	51.020	49	24	0	81	129	70599	70745	6.06e-08	58.5
DPOGS200695-PA	DPSCF300053	47.674	86	43	2	423	507	1261942	1261688	1.42e-16	86.7
DPOGS200695-PA	DPSCF300053	44.068	59	33	0	152	210	1267878	1267702	4.27e-10	65.9
DPOGS200695-PA	DPSCF300053	43.056	72	41	0	210	281	1266441	1266226	1.43e-09	63.9
DPOGS200695-PA	DPSCF300053	27.211	147	58	4	321	423	1263892	1263467	5.65e-09	62.0
DPOGS200695-PA	DPSCF300053	40.385	52	31	0	78	129	1267878	1267723	2.16e-06	53.5
DPOGS200695-PA	DPSCF300102	44.444	81	44	1	423	503	541735	541974	2.85e-14	79.3
DPOGS200695-PA	DPSCF301848	39.785	93	54	1	155	245	342	64	7.32e-11	65.9
DPOGS200696-PA	DPSCF300571	99.153	118	1	0	36	153	21765	22118	3.68e-62	209
DPOGS200696-PA	DPSCF300571	100.000	36	0	0	1	36	20153	20260	1.02e-16	79.3
DPOGS200696-PA	DPSCF300263	100.000	36	0	0	1	36	267835	267728	8.12e-17	79.3
DPOGS203463-PA	DPSCF300409	100.000	35	0	0	1	35	130289	130185	1.25e-17	75.1
DPOGS203463-PA	DPSCF300289	80.000	35	7	0	1	35	422017	421913	6.59e-13	61.6
DPOGS203463-PA	DPSCF300134	60.000	35	14	0	1	35	3812	3916	7.37e-07	44.7
DPOGS203465-PA	DPSCF300409	100.000	178	0	0	14	191	126395	125862	2.03e-72	242
DPOGS203466-PA	DPSCF300409	89.706	68	7	0	44	111	107296	107093	3.67e-61	129
DPOGS203466-PA	DPSCF300409	80.000	50	10	0	1	50	107523	107374	3.67e-61	84.7
DPOGS203466-PA	DPSCF300409	100.000	30	0	0	109	138	107030	106941	3.67e-61	61.2
DPOGS203466-PA	DPSCF300013	71.429	42	12	0	51	92	1443323	1443448	7.56e-14	69.7
DPOGS203467-PA	DPSCF300262	100.000	174	0	0	195	368	677021	677542	1.91e-109	358
DPOGS203467-PA	DPSCF300262	100.000	194	0	0	1	194	676220	676801	8.67e-102	336
DPOGS203467-PA	DPSCF300262	58.559	111	41	1	25	135	670543	670860	7.94e-28	92.0
DPOGS203467-PA	DPSCF300262	75.862	29	7	0	1	29	670470	670556	7.94e-28	53.5
DPOGS203467-PA	DPSCF300409	100.000	174	0	0	195	368	91491	90970	2.05e-109	358
DPOGS203467-PA	DPSCF300409	100.000	194	0	0	1	194	92292	91711	6.99e-102	337
DPOGS203467-PA	DPSCF300409	68.750	160	41	3	314	465	90333	89857	1.20e-51	191
DPOGS203467-PA	DPSCF300036	100.000	174	0	0	195	368	940394	939873	6.31e-108	354
DPOGS203467-PA	DPSCF300006	55.000	140	56	2	231	370	1867740	1867342	3.37e-61	137
DPOGS203467-PA	DPSCF300006	45.522	134	31	3	7	140	1868282	1868007	3.37e-61	76.3
DPOGS203467-PA	DPSCF300006	56.000	50	22	0	145	194	1868008	1867859	3.37e-61	64.3
DPOGS203467-PA	DPSCF300006	54.348	138	57	1	231	368	1864052	1863657	8.83e-35	141
DPOGS203467-PA	DPSCF300249	60.674	178	69	1	1	178	51483	50953	2.09e-57	207
DPOGS203467-PA	DPSCF300249	60.674	178	69	1	1	178	36593	36063	1.21e-56	205
DPOGS203467-PA	DPSCF300249	48.276	174	85	3	195	368	35783	35277	1.02e-44	170
DPOGS203467-PA	DPSCF300249	50.633	79	36	1	195	273	72881	72654	1.30e-11	70.1
DPOGS203467-PA	DPSCF300456	60.674	178	69	1	1	178	2489	1959	9.51e-57	206
DPOGS203467-PA	DPSCF300456	48.276	174	85	3	195	368	1679	1173	1.52e-44	170
DPOGS203467-PA	DPSCF300456	30.435	161	105	5	195	350	70856	71332	1.89e-09	63.2
DPOGS203467-PA	DPSCF300120	59.563	183	72	2	1	183	500890	501432	2.16e-55	202
DPOGS203467-PA	DPSCF300120	46.552	174	89	3	195	368	501712	502221	3.82e-39	154
DPOGS203467-PA	DPSCF300518	56.566	198	81	3	1	194	25415	26005	5.83e-55	200
DPOGS203467-PA	DPSCF300518	54.237	177	77	2	195	368	26237	26764	5.09e-51	189
DPOGS203467-PA	DPSCF300058	52.336	107	34	2	1	93	634589	634278	1.13e-42	102
DPOGS203467-PA	DPSCF300058	59.524	84	30	2	129	212	634263	634024	1.13e-42	93.6
DPOGS203467-PA	DPSCF300753	54.967	151	64	2	1	148	951	1400	1.60e-35	143
DPOGS203467-PA	DPSCF300039	55.469	128	57	0	58	185	842750	843133	2.88e-34	120
DPOGS203467-PA	DPSCF300039	55.556	36	16	0	4	39	842599	842706	2.88e-34	47.0
DPOGS203467-PA	DPSCF300039	53.125	128	60	0	58	185	845956	846339	1.29e-23	107
DPOGS203467-PA	DPSCF300196	35.326	368	194	10	1	343	131033	132079	3.16e-33	136
DPOGS203467-PA	DPSCF300196	40.678	118	64	3	195	309	6516	6172	2.43e-13	75.5
DPOGS203467-PA	DPSCF300231	62.595	131	48	1	82	211	211543	211151	2.41e-32	134
DPOGS203467-PA	DPSCF300204	51.613	62	30	0	117	178	303697	303512	9.85e-31	68.6
DPOGS203467-PA	DPSCF300204	68.750	32	10	0	1	32	304039	303944	9.85e-31	53.9
DPOGS203467-PA	DPSCF300204	59.459	37	15	0	58	94	303864	303754	9.85e-31	53.1
DPOGS203467-PA	DPSCF300204	49.286	140	65	3	209	346	303228	302821	4.91e-26	114
DPOGS203467-PA	DPSCF300010	38.421	190	113	2	4	193	704993	705550	2.84e-30	127
DPOGS203467-PA	DPSCF300010	38.421	190	113	2	4	193	700818	701375	3.57e-30	127
DPOGS203467-PA	DPSCF300010	34.831	178	106	6	195	368	701574	702089	7.63e-18	89.7
DPOGS203467-PA	DPSCF300010	34.831	178	106	6	195	368	705749	706264	9.27e-18	89.4
DPOGS203467-PA	DPSCF300498	59.292	113	41	1	25	137	16615	16938	4.56e-28	93.6
DPOGS203467-PA	DPSCF300498	72.414	29	8	0	1	29	16542	16628	4.56e-28	53.1
DPOGS203467-PA	DPSCF300453	37.500	208	116	4	9	211	3034	2438	2.67e-27	118
DPOGS203467-PA	DPSCF300453	33.143	175	110	4	195	368	2290	1784	5.07e-17	87.0
DPOGS203467-PA	DPSCF300141	37.500	208	116	4	9	211	131643	131047	2.73e-27	118
DPOGS203467-PA	DPSCF300141	33.143	175	110	4	195	368	130899	130393	5.03e-17	87.0
DPOGS203467-PA	DPSCF300098	55.844	77	34	0	195	271	736468	736698	3.63e-27	89.4
DPOGS203467-PA	DPSCF300098	54.167	48	20	2	299	346	736701	736838	3.63e-27	53.9
DPOGS203467-PA	DPSCF300098	56.897	116	50	0	11	126	735814	736161	6.63e-22	102
DPOGS203467-PA	DPSCF300346	44.604	139	71	3	1	134	2232	2645	2.97e-26	83.2
DPOGS203467-PA	DPSCF300346	59.091	44	18	0	126	169	2618	2749	2.97e-26	57.4
DPOGS203467-PA	DPSCF300001	52.273	132	58	1	25	156	3715880	3715500	1.30e-24	102
DPOGS203467-PA	DPSCF300001	65.217	23	8	0	4	26	3715942	3715874	1.30e-24	33.1
DPOGS203467-PA	DPSCF300178	50.000	94	47	0	1	94	63884	64165	1.43e-20	84.0
DPOGS203467-PA	DPSCF300178	44.898	49	21	1	109	151	64219	64365	1.43e-20	37.4
DPOGS203467-PA	DPSCF300178	47.727	88	44	2	260	347	64320	64577	1.62e-14	75.1
DPOGS203467-PA	DPSCF300178	43.478	23	13	0	346	368	64561	64629	1.62e-14	25.8
DPOGS203467-PA	DPSCF300178	50.000	48	24	0	131	178	259291	259148	1.69e-09	52.0
DPOGS203467-PA	DPSCF300178	32.941	85	43	2	6	90	259623	259411	1.69e-09	32.0
DPOGS203467-PA	DPSCF300018	63.380	71	23	2	131	201	919283	919486	8.26e-19	92.8
DPOGS203467-PA	DPSCF300018	52.941	85	37	2	196	278	919707	919958	9.04e-15	80.1
DPOGS203467-PA	DPSCF300411	48.571	70	31	1	25	94	203	9	4.48e-18	59.7
DPOGS203467-PA	DPSCF300411	72.414	29	8	0	1	29	276	190	4.48e-18	53.1
DPOGS203467-PA	DPSCF300115	36.242	149	80	1	195	343	531877	532278	1.88e-17	88.6
DPOGS203467-PA	DPSCF300115	38.211	123	61	1	195	317	516069	516392	1.19e-14	72.8
DPOGS203467-PA	DPSCF300115	47.368	19	10	0	326	344	516418	516474	1.19e-14	28.5
DPOGS203467-PA	DPSCF300160	39.785	93	56	0	58	150	547756	548034	1.92e-17	71.6
DPOGS203467-PA	DPSCF300160	56.000	25	11	0	6	30	547599	547673	1.92e-17	38.9
DPOGS203467-PA	DPSCF300128	76.471	34	8	0	1	34	142780	142881	1.54e-09	63.5
DPOGS203467-PA	DPSCF300915	62.222	45	17	0	125	169	5388	5254	3.74e-09	62.0
DPOGS203467-PA	DPSCF300915	48.052	77	40	0	58	134	5588	5358	2.10e-07	56.2
DPOGS203467-PA	DPSCF300466	33.721	86	57	0	250	335	52575	52832	8.27e-09	60.8
DPOGS203467-PA	DPSCF300104	33.721	86	57	0	250	335	545018	544761	8.35e-09	60.8
DPOGS203467-PA	DPSCF300064	25.248	202	134	5	175	369	608626	609201	3.12e-06	52.8
DPOGS203467-PA	DPSCF300094	83.333	24	4	0	1	24	409826	409755	8.09e-06	51.2
DPOGS203468-PA	DPSCF300409	91.667	60	5	0	27	86	80973	80794	1.80e-32	120
DPOGS203468-PA	DPSCF300409	96.364	55	2	0	30	84	76750	76586	6.02e-31	115
DPOGS203468-PA	DPSCF300409	100.000	32	0	0	1	32	81426	81331	1.84e-14	68.9
DPOGS203468-PA	DPSCF300409	100.000	32	0	0	1	32	77209	77114	1.84e-14	68.9
DPOGS203468-PA	DPSCF300100	46.939	49	25	1	34	82	412640	412497	1.70e-06	46.2
DPOGS203469-PA	DPSCF300409	100.000	58	0	0	82	139	75667	75494	3.62e-33	124
DPOGS203469-PA	DPSCF300409	83.333	60	10	0	27	86	80973	80794	1.99e-27	108
DPOGS203469-PA	DPSCF300409	90.741	54	5	0	27	80	76759	76598	8.53e-27	106
DPOGS203469-PA	DPSCF300409	81.395	43	2	1	1	37	77209	77081	1.25e-13	68.9
DPOGS203469-PA	DPSCF300409	100.000	32	0	0	1	32	81426	81331	1.27e-13	68.9
DPOGS203469-PA	DPSCF300100	72.340	47	13	0	89	135	411883	411743	2.14e-17	79.7
DPOGS203471-PA	DPSCF300409	89.024	82	9	0	94	175	63591	63836	1.36e-22	100
DPOGS203471-PA	DPSCF300409	89.024	82	9	0	94	175	67242	67487	1.36e-22	100
DPOGS203471-PA	DPSCF300409	88.750	80	9	0	221	300	63597	63836	6.74e-21	95.9
DPOGS203471-PA	DPSCF300409	88.750	80	9	0	221	300	67248	67487	6.74e-21	95.9
DPOGS203471-PA	DPSCF300409	94.872	39	0	1	60	96	62864	62980	3.72e-15	79.0
DPOGS203471-PA	DPSCF300409	100.000	51	0	0	11	61	62188	62340	5.70e-14	75.5
DPOGS203471-PA	DPSCF300409	94.118	34	2	0	190	223	64361	64462	4.50e-12	69.7
DPOGS203471-PA	DPSCF300409	86.207	29	4	0	161	189	63889	63975	4.93e-07	53.9
DPOGS203471-PA	DPSCF300409	86.207	29	4	0	286	314	63889	63975	4.93e-07	53.9
DPOGS203471-PA	DPSCF300409	86.207	29	4	0	161	189	67540	67626	4.93e-07	53.9
DPOGS203471-PA	DPSCF300409	86.207	29	4	0	286	314	67540	67626	4.93e-07	53.9
DPOGS203471-PA	DPSCF300586	75.000	84	20	1	213	296	22292	22044	1.11e-13	74.3
DPOGS203471-PA	DPSCF300586	88.060	67	7	1	105	171	22241	22044	2.43e-13	73.6
DPOGS203471-PA	DPSCF300019	51.020	49	24	0	33	81	294558	294704	7.59e-09	59.7
DPOGS203471-PA	DPSCF300038	42.593	54	31	0	33	86	582988	583149	1.15e-08	59.3
DPOGS203471-PA	DPSCF300146	41.026	78	45	1	5	82	206397	206627	5.93e-08	57.0
DPOGS203471-PA	DPSCF300046	39.286	84	50	1	7	90	340002	339754	1.42e-07	55.8
DPOGS203471-PA	DPSCF300078	40.506	79	46	1	4	82	445906	445673	2.75e-07	54.7
DPOGS203471-PA	DPSCF300073	34.667	75	48	1	7	81	739075	739296	5.08e-07	53.9
DPOGS203471-PA	DPSCF300140	41.429	70	40	1	10	79	84565	84359	1.20e-06	52.8
DPOGS203471-PA	DPSCF300003	38.710	62	38	0	33	94	855188	855003	3.54e-06	51.2
DPOGS203471-PA	DPSCF300051	47.917	48	25	0	33	80	830709	830566	5.60e-06	50.8
DPOGS206175-PA	DPSCF300533	98.667	75	1	0	255	329	18684	18908	6.05e-42	160
DPOGS206175-PA	DPSCF300533	89.091	55	4	1	324	376	19186	19350	2.05e-36	95.5
DPOGS206175-PA	DPSCF300533	97.436	39	1	0	374	412	19389	19505	2.05e-36	79.0
DPOGS206175-PA	DPSCF300533	96.923	65	2	0	3	67	15328	15522	4.14e-30	125
DPOGS206175-PA	DPSCF300533	89.130	46	5	0	61	106	15740	15877	1.39e-15	82.0
DPOGS206175-PA	DPSCF300533	100.000	38	0	0	218	255	18244	18357	4.31e-15	80.5
DPOGS206175-PA	DPSCF300533	76.087	46	11	0	181	226	17411	17548	1.44e-12	72.4
DPOGS206175-PA	DPSCF300533	93.939	33	2	0	156	188	16775	16873	2.99e-10	65.1
DPOGS206175-PA	DPSCF300449	76.087	46	11	0	181	226	871	1008	1.46e-12	72.4
DPOGS206175-PA	DPSCF300072	60.000	40	16	0	252	291	782729	782610	2.58e-08	55.5
DPOGS206175-PA	DPSCF300072	58.333	36	14	1	291	325	782530	782423	2.58e-08	23.9
DPOGS213281-PA	DPSCF300683	100.000	61	0	0	146	206	10609	10791	2.57e-33	129
DPOGS213281-PA	DPSCF300683	98.551	69	1	0	1	69	7776	7982	3.58e-32	125
DPOGS213281-PA	DPSCF300683	78.571	56	12	0	97	152	10234	10401	1.55e-21	95.1
DPOGS213281-PA	DPSCF300683	95.122	41	2	0	66	106	9719	9841	1.70e-18	86.3
DPOGS213281-PA	DPSCF300409	100.000	61	0	0	146	206	71472	71654	2.66e-33	129
DPOGS213281-PA	DPSCF300409	78.571	56	12	0	97	152	71085	71252	1.89e-21	94.7
DPOGS213281-PA	DPSCF300409	95.122	41	2	0	66	106	70570	70692	1.76e-18	86.3
DPOGS213736-PA	DPSCF300619	86.851	616	61	5	1	601	2734	4566	0.0	997
DPOGS213736-PA	DPSCF300619	96.250	80	3	0	521	600	5351	5590	3.17e-41	164
DPOGS213736-PA	DPSCF300619	100.000	36	0	0	598	633	6029	6136	5.25e-15	82.0
DPOGS213736-PA	DPSCF300077	65.909	132	42	1	390	521	940049	940435	1.81e-39	159
DPOGS213736-PA	DPSCF300077	64.474	76	27	0	525	600	945559	945786	1.26e-20	100
DPOGS213736-PA	DPSCF300077	100.000	36	0	0	598	633	946227	946334	1.25e-14	80.9
DPOGS213736-PA	DPSCF300077	83.673	49	4	1	237	285	939122	939256	5.21e-13	75.5
DPOGS213736-PA	DPSCF300077	82.927	41	3	1	5	45	939146	939256	5.33e-09	62.4
DPOGS213736-PA	DPSCF300077	82.927	41	3	1	13	53	939146	939256	5.33e-09	62.4
DPOGS213736-PA	DPSCF300077	82.927	41	3	1	21	61	939146	939256	5.33e-09	62.4
DPOGS213736-PA	DPSCF300077	82.927	41	3	1	29	69	939146	939256	5.33e-09	62.4
DPOGS213736-PA	DPSCF300077	82.927	41	3	1	37	77	939146	939256	5.33e-09	62.4
DPOGS213736-PA	DPSCF300077	82.927	41	3	1	45	85	939146	939256	5.33e-09	62.4
DPOGS213736-PA	DPSCF300077	82.927	41	3	1	53	93	939146	939256	5.33e-09	62.4
DPOGS213736-PA	DPSCF300077	82.927	41	3	1	61	101	939146	939256	5.33e-09	62.4
DPOGS213736-PA	DPSCF300077	82.927	41	3	1	69	109	939146	939256	5.33e-09	62.4
DPOGS213736-PA	DPSCF300077	82.927	41	3	1	77	117	939146	939256	5.33e-09	62.4
DPOGS213736-PA	DPSCF300077	82.927	41	3	1	85	125	939146	939256	5.33e-09	62.4
DPOGS213736-PA	DPSCF300077	82.927	41	3	1	93	133	939146	939256	5.33e-09	62.4
DPOGS213736-PA	DPSCF300077	82.927	41	3	1	101	141	939146	939256	5.33e-09	62.4
DPOGS213736-PA	DPSCF300077	82.927	41	3	1	109	149	939146	939256	5.33e-09	62.4
DPOGS213736-PA	DPSCF300077	82.927	41	3	1	117	157	939146	939256	5.33e-09	62.4
DPOGS213736-PA	DPSCF300077	82.927	41	3	1	125	165	939146	939256	5.33e-09	62.4
DPOGS213736-PA	DPSCF300077	82.927	41	3	1	133	173	939146	939256	5.33e-09	62.4
DPOGS213736-PA	DPSCF300077	82.927	41	3	1	141	181	939146	939256	5.33e-09	62.4
DPOGS213736-PA	DPSCF300077	82.927	41	3	1	149	189	939146	939256	5.33e-09	62.4
DPOGS213736-PA	DPSCF300077	82.927	41	3	1	157	197	939146	939256	5.33e-09	62.4
DPOGS213736-PA	DPSCF300077	82.927	41	3	1	165	205	939146	939256	5.33e-09	62.4
DPOGS213736-PA	DPSCF300077	82.927	41	3	1	173	213	939146	939256	5.33e-09	62.4
DPOGS213736-PA	DPSCF300077	82.927	41	3	1	181	221	939146	939256	5.33e-09	62.4
DPOGS213736-PA	DPSCF300077	82.927	41	3	1	189	229	939146	939256	5.33e-09	62.4
DPOGS213736-PA	DPSCF300077	82.927	41	3	1	277	317	939146	939256	5.33e-09	62.4
DPOGS213736-PA	DPSCF300077	82.927	41	3	1	285	325	939146	939256	5.33e-09	62.4
DPOGS213736-PA	DPSCF300077	82.927	41	3	1	293	333	939146	939256	5.33e-09	62.4
DPOGS213736-PA	DPSCF300077	82.927	41	3	1	301	341	939146	939256	5.33e-09	62.4
DPOGS213736-PA	DPSCF300077	82.927	41	3	1	309	349	939146	939256	5.33e-09	62.4
DPOGS213736-PA	DPSCF300077	82.927	41	3	1	317	357	939146	939256	5.33e-09	62.4
DPOGS213736-PA	DPSCF300077	82.927	41	3	1	325	365	939146	939256	5.33e-09	62.4
DPOGS213736-PA	DPSCF300077	82.500	40	3	1	197	236	939146	939253	1.56e-08	60.8
DPOGS213736-PA	DPSCF300077	83.784	37	2	1	1	37	939158	939256	2.26e-07	57.0
DPOGS213736-PA	DPSCF300077	78.049	41	5	1	213	253	939146	939256	3.37e-07	56.6
DPOGS213736-PA	DPSCF300077	69.388	49	3	2	221	269	939146	939256	9.34e-07	55.1
DPOGS213736-PA	DPSCF300077	75.000	36	9	0	341	376	939146	939253	4.05e-06	53.1
DPOGS213736-PA	DPSCF300266	22.876	153	112	3	263	413	196143	196589	1.75e-15	83.6
DPOGS213736-PA	DPSCF300266	24.528	106	80	0	7	112	196143	196460	9.95e-15	81.3
DPOGS213736-PA	DPSCF300266	24.528	106	80	0	15	120	196143	196460	9.95e-15	81.3
DPOGS213736-PA	DPSCF300266	24.528	106	80	0	23	128	196143	196460	9.95e-15	81.3
DPOGS213736-PA	DPSCF300266	24.528	106	80	0	31	136	196143	196460	9.95e-15	81.3
DPOGS213736-PA	DPSCF300266	24.528	106	80	0	39	144	196143	196460	9.95e-15	81.3
DPOGS213736-PA	DPSCF300266	24.528	106	80	0	47	152	196143	196460	9.95e-15	81.3
DPOGS213736-PA	DPSCF300266	24.528	106	80	0	55	160	196143	196460	9.95e-15	81.3
DPOGS213736-PA	DPSCF300266	24.528	106	80	0	63	168	196143	196460	9.95e-15	81.3
DPOGS213736-PA	DPSCF300266	24.528	106	80	0	71	176	196143	196460	9.95e-15	81.3
DPOGS213736-PA	DPSCF300266	24.528	106	80	0	79	184	196143	196460	9.95e-15	81.3
DPOGS213736-PA	DPSCF300266	24.528	106	80	0	87	192	196143	196460	9.95e-15	81.3
DPOGS213736-PA	DPSCF300266	24.528	106	80	0	95	200	196143	196460	9.95e-15	81.3
DPOGS213736-PA	DPSCF300266	24.528	106	80	0	103	208	196143	196460	9.95e-15	81.3
DPOGS213736-PA	DPSCF300266	24.528	106	80	0	111	216	196143	196460	9.95e-15	81.3
DPOGS213736-PA	DPSCF300266	24.528	106	80	0	119	224	196143	196460	9.95e-15	81.3
DPOGS213736-PA	DPSCF300266	24.528	106	80	0	127	232	196143	196460	9.95e-15	81.3
DPOGS213736-PA	DPSCF300266	24.528	106	80	0	247	352	196143	196460	9.95e-15	81.3
DPOGS213736-PA	DPSCF300266	24.528	106	80	0	255	360	196143	196460	9.95e-15	81.3
DPOGS213736-PA	DPSCF300266	25.490	102	76	0	135	236	196143	196448	2.17e-14	80.1
DPOGS213736-PA	DPSCF300266	25.000	104	78	0	1	104	196149	196460	3.41e-14	79.3
DPOGS213736-PA	DPSCF300266	23.684	114	79	1	143	256	196143	196460	1.57e-13	77.4
DPOGS213736-PA	DPSCF300266	23.684	114	79	1	151	264	196143	196460	1.57e-13	77.4
DPOGS213736-PA	DPSCF300266	23.684	114	79	1	167	280	196143	196460	1.57e-13	77.4
DPOGS213736-PA	DPSCF300266	23.684	114	79	1	183	296	196143	196460	1.57e-13	77.4
DPOGS213736-PA	DPSCF300266	23.684	114	79	1	199	312	196143	196460	1.57e-13	77.4
DPOGS213736-PA	DPSCF300266	23.684	114	79	1	215	328	196143	196460	1.57e-13	77.4
DPOGS213736-PA	DPSCF300266	23.684	114	79	1	231	344	196143	196460	2.52e-13	76.6
DPOGS213849-PA	DPSCF300518	90.196	153	12	1	1	153	25415	25864	2.29e-63	216
DPOGS213849-PA	DPSCF300753	89.103	156	15	2	1	154	951	1418	6.39e-63	214
DPOGS213849-PA	DPSCF300753	100.000	61	0	0	176	236	4265	4447	3.60e-48	126
DPOGS213849-PA	DPSCF300753	100.000	42	0	0	134	175	4135	4260	3.60e-48	85.9
DPOGS213849-PA	DPSCF300249	53.529	170	63	3	1	157	51483	50983	1.20e-40	150
DPOGS213849-PA	DPSCF300249	52.571	175	67	3	1	162	36593	36078	1.49e-40	150
DPOGS213849-PA	DPSCF300456	52.571	175	67	3	1	162	2489	1974	1.32e-40	150
DPOGS213849-PA	DPSCF300120	47.429	175	75	3	1	162	500890	501402	1.30e-36	139
DPOGS213849-PA	DPSCF300409	48.701	154	74	2	1	154	92292	91846	6.91e-32	125
DPOGS213849-PA	DPSCF300262	48.701	154	74	2	1	154	676220	676666	6.92e-32	125
DPOGS213849-PA	DPSCF300262	58.537	82	34	0	60	141	670627	670872	1.35e-26	89.7
DPOGS213849-PA	DPSCF300262	68.966	29	9	0	1	29	670470	670556	1.35e-26	50.4
DPOGS213849-PA	DPSCF300262	57.647	85	29	3	152	230	681726	681977	5.39e-18	85.1
DPOGS213849-PA	DPSCF300098	57.627	118	48	1	11	128	735814	736161	6.52e-28	114
DPOGS213849-PA	DPSCF300346	53.676	136	61	2	1	134	2232	2639	2.77e-24	103
DPOGS213849-PA	DPSCF300498	59.459	74	30	0	60	133	16699	16920	2.66e-23	80.1
DPOGS213849-PA	DPSCF300498	65.517	29	10	0	1	29	16542	16628	2.66e-23	48.9
DPOGS213849-PA	DPSCF300196	49.593	123	59	1	1	123	131033	131392	6.00e-23	99.8
DPOGS213849-PA	DPSCF300019	55.769	104	45	1	134	236	8793	9104	9.96e-21	93.2
DPOGS213849-PA	DPSCF300178	50.000	100	48	1	1	100	63884	64177	1.72e-19	85.5
DPOGS213849-PA	DPSCF300178	55.172	29	13	0	111	139	64219	64305	1.72e-19	30.8
DPOGS213849-PA	DPSCF300058	43.860	114	45	2	1	100	634589	634263	1.95e-18	86.7
DPOGS213849-PA	DPSCF300453	32.335	167	95	3	4	157	3049	2564	4.32e-16	79.7
DPOGS213849-PA	DPSCF300141	32.335	167	95	3	4	157	131658	131173	4.34e-16	79.7
DPOGS213849-PA	DPSCF300154	72.727	55	14	1	167	221	83931	84092	4.59e-16	79.7
DPOGS213849-PA	DPSCF300039	55.405	74	33	0	60	133	842750	842971	5.84e-16	65.9
DPOGS213849-PA	DPSCF300039	51.515	33	16	0	2	34	842593	842691	5.84e-16	38.1
DPOGS213849-PA	DPSCF300039	55.405	74	33	0	60	133	845956	846177	2.58e-11	65.5
DPOGS213849-PA	DPSCF300204	55.556	54	24	0	60	113	303864	303703	7.53e-16	52.8
DPOGS213849-PA	DPSCF300204	65.625	32	11	0	1	32	304039	303944	7.53e-16	51.2
DPOGS213849-PA	DPSCF300411	53.846	39	18	0	60	98	119	3	2.92e-15	53.1
DPOGS213849-PA	DPSCF300411	65.517	29	10	0	1	29	276	190	2.92e-15	48.9
DPOGS213849-PA	DPSCF300010	33.333	138	89	1	2	139	700812	701216	3.64e-14	73.9
DPOGS213849-PA	DPSCF300010	33.333	138	89	1	2	139	704987	705391	3.64e-14	73.9
DPOGS213849-PA	DPSCF300001	55.714	70	31	0	64	133	3715784	3715575	1.65e-13	60.1
DPOGS213849-PA	DPSCF300001	61.538	26	10	0	3	28	3715945	3715868	1.65e-13	35.8
DPOGS213849-PA	DPSCF300160	40.278	72	43	0	60	131	547756	547971	5.21e-13	59.7
DPOGS213849-PA	DPSCF300160	51.613	31	14	1	1	30	547581	547673	5.21e-13	34.7
DPOGS213849-PA	DPSCF300915	52.000	75	36	0	60	134	5588	5364	4.39e-12	67.8
DPOGS213849-PA	DPSCF300128	64.103	39	14	0	1	39	142780	142896	4.00e-11	65.1
DPOGS213849-PA	DPSCF300231	60.317	63	24	1	86	147	211537	211349	7.77e-09	58.2
DPOGS213850-PA	DPSCF300753	100.000	216	0	0	1	216	5076	5723	1.29e-141	439
DPOGS213850-PA	DPSCF300063	83.495	206	34	0	1	206	1008670	1008053	1.31e-108	344
DPOGS213850-PA	DPSCF300063	30.636	173	110	6	36	202	568103	567597	3.48e-09	58.5
DPOGS213850-PA	DPSCF300063	28.249	177	119	6	32	202	352285	351761	6.62e-07	52.0
DPOGS213850-PA	DPSCF300151	81.250	176	33	0	41	216	414029	413502	2.69e-87	283
DPOGS213850-PA	DPSCF300262	74.783	115	28	1	62	176	682818	683159	1.43e-64	157
DPOGS213850-PA	DPSCF300262	88.136	59	7	0	1	59	682637	682813	1.43e-64	109
DPOGS213850-PA	DPSCF300256	76.842	95	21	1	122	216	277869	278150	1.00e-36	138
DPOGS213850-PA	DPSCF300075	69.474	95	29	0	41	135	251405	251121	1.63e-31	123
DPOGS213850-PA	DPSCF300075	62.791	86	32	0	119	204	251170	250913	2.57e-24	102
DPOGS213850-PA	DPSCF300225	49.606	127	62	1	12	138	287797	288171	2.30e-30	94.7
DPOGS213850-PA	DPSCF300225	65.909	44	15	0	163	206	288209	288340	2.30e-30	57.8
DPOGS213850-PA	DPSCF300189	32.308	195	119	4	1	187	70577	71146	3.74e-20	90.9
DPOGS213850-PA	DPSCF300409	31.795	195	120	4	1	187	9401	9970	1.01e-19	89.4
DPOGS213850-PA	DPSCF300001	28.571	210	141	4	1	202	5809193	5809819	2.45e-18	85.5
DPOGS213850-PA	DPSCF300426	28.571	210	141	4	1	202	131669	132295	3.55e-18	85.1
DPOGS213850-PA	DPSCF300038	33.333	162	95	4	1	154	864481	864951	1.58e-16	80.1
DPOGS213850-PA	DPSCF300052	30.052	193	125	4	1	187	1056534	1055968	2.12e-16	79.7
DPOGS213850-PA	DPSCF300052	35.616	73	45	1	1	71	1057641	1057423	6.90e-09	57.8
DPOGS213850-PA	DPSCF300080	29.050	179	120	3	1	173	535130	534597	2.16e-16	79.7
DPOGS213850-PA	DPSCF300154	86.111	36	5	0	1	36	84789	84896	3.29e-13	70.5
DPOGS213850-PA	DPSCF300274	28.659	164	112	3	43	202	142086	142574	3.46e-12	67.4
DPOGS213850-PA	DPSCF300092	29.341	167	108	5	14	173	365083	364592	3.49e-11	64.7
DPOGS213850-PA	DPSCF300092	27.528	178	120	4	1	173	259668	260189	2.03e-10	62.4
DPOGS213850-PA	DPSCF300067	30.539	167	106	5	40	202	372526	372044	1.85e-10	62.4
DPOGS213850-PA	DPSCF300396	29.496	139	85	5	40	171	44822	45220	2.61e-10	62.0
DPOGS213850-PA	DPSCF300470	30.303	132	85	4	46	173	48980	48594	8.57e-10	60.5
DPOGS213850-PA	DPSCF300273	29.448	163	107	4	1	158	168921	169400	1.14e-09	60.1
DPOGS213850-PA	DPSCF300141	28.448	116	81	1	1	114	143518	143171	9.83e-09	57.4
DPOGS213850-PA	DPSCF300141	28.448	116	81	1	1	114	120813	121160	1.23e-08	57.0
DPOGS213850-PA	DPSCF300494	28.448	116	81	1	1	114	15486	15139	1.22e-08	57.0
DPOGS213850-PA	DPSCF300137	28.448	116	81	1	1	114	122474	122127	1.23e-08	57.0
DPOGS213850-PA	DPSCF300160	28.448	116	81	1	1	114	524935	525282	1.29e-08	57.0
DPOGS213850-PA	DPSCF300223	28.448	116	81	1	1	114	776414	776067	1.51e-08	57.0
DPOGS213850-PA	DPSCF300055	28.448	116	81	1	1	114	576761	577108	1.51e-08	57.0
DPOGS213850-PA	DPSCF300007	28.448	116	81	1	1	114	1355539	1355886	1.72e-08	56.6
DPOGS213850-PA	DPSCF300007	28.448	116	81	1	1	114	1360686	1361033	1.76e-08	56.6
DPOGS213850-PA	DPSCF300234	35.616	73	45	1	1	71	383704	383922	3.10e-08	55.8
DPOGS213850-PA	DPSCF300789	28.788	132	87	4	46	173	4473	4087	3.22e-08	55.8
DPOGS213850-PA	DPSCF300099	27.941	136	91	4	39	170	401950	402348	6.07e-08	55.1
DPOGS213850-PA	DPSCF300011	27.160	162	109	4	1	158	1135772	1136242	2.72e-07	53.1
DPOGS213850-PA	DPSCF300320	27.528	178	119	5	1	172	29537	30058	4.44e-07	52.4
DPOGS213850-PA	DPSCF300449	78.378	37	7	1	180	216	14764	14871	1.12e-06	51.2
DPOGS213850-PA	DPSCF300142	25.989	177	102	5	20	172	101584	102099	3.08e-06	50.1
