/panfs/pfs.acf.ku.edu/scratch/jwalters/monarch_Zlinkage_orthology/neoZ_mummer/Hmel_mummer/../DPSCF300001.fas /panfs/pfs.acf.ku.edu/scratch/jwalters/monarch_Zlinkage_orthology/neoZ_mummer/Hmel_mummer/../Hmel2_Chr21.fas
PROMER

[S1]	[E1]	[S2]	[E2]	[LEN 1]	[LEN 2]	[LEN R]	[LEN Q]	[COV R]	[COV Q]	[TAGS]
140044	140445	801745	802149	402	405	6243218	2640189	0.01	0.02	DPSCF300001	Hmel221001
560510	560917	480150	480569	408	420	6243218	662847	0.01	0.06	DPSCF300001	Hmel221005
560905	561000	210105	210200	96	96	6243218	250685	0.00	0.04	DPSCF300001	Hmel221046
561000	562778	48932	50710	1779	1779	6243218	728551	0.03	0.24	DPSCF300001	Hmel221036
562040	562813	1324782	1325555	774	774	6243218	2640189	0.01	0.03	DPSCF300001	Hmel221001
1476520	1477173	168210	168851	654	642	6243218	309213	0.01	0.21	DPSCF300001	Hmel221045
1479819	1480004	95172	95360	186	189	6243218	901467	0.00	0.02	DPSCF300001	Hmel221015
2270207	2270506	397	774	300	378	6243218	165351	0.00	0.23	DPSCF300001	Hmel221025
2270894	2271019	159797	159925	126	129	6243218	250685	0.00	0.05	DPSCF300001	Hmel221046
2271801	2272286	158396	158899	486	504	6243218	250685	0.01	0.20	DPSCF300001	Hmel221046
2272295	2273082	44322	45119	788	798	6243218	45186	0.01	1.77	DPSCF300001	Hmel221023
2275374	2275520	41824	41970	147	147	6243218	45186	0.00	0.33	DPSCF300001	Hmel221023
2698015	2698503	330	818	489	489	6243218	128078	0.01	0.38	DPSCF300001	Hmel221010
2698018	2698503	811181	811675	486	495	6243218	3415019	0.01	0.01	DPSCF300001	Hmel221012
2698505	2698612	2616457	2616564	108	108	6243218	3415019	0.00	0.00	DPSCF300001	Hmel221012
2742085	2742165	2610095	2610175	81	81	6243218	3415019	0.00	0.00	DPSCF300001	Hmel221012
2986411	2986524	1973291	1973404	114	114	6243218	2640189	0.00	0.00	DPSCF300001	Hmel221001
3439358	3440608	567221	568474	1251	1254	6243218	635484	0.02	0.20	DPSCF300001	Hmel221044
3440559	3441560	565994	566989	1002	996	6243218	635484	0.02	0.16	DPSCF300001	Hmel221044
3493561	3493662	85987	86085	102	99	6243218	154795	0.00	0.06	DPSCF300001	Hmel221019
3493576	3493734	184054	184212	159	159	6243218	309213	0.00	0.05	DPSCF300001	Hmel221045
3715500	3715883	2033	2431	384	399	6243218	662847	0.01	0.06	DPSCF300001	Hmel221005
3886356	3886529	193903	194076	174	174	6243218	436181	0.00	0.04	DPSCF300001	Hmel221017
3886708	3886926	194348	194536	219	189	6243218	436181	0.00	0.04	DPSCF300001	Hmel221017
3887899	3888093	196551	196745	195	195	6243218	436181	0.00	0.04	DPSCF300001	Hmel221017
3888151	3888417	199517	199783	267	267	6243218	436181	0.00	0.06	DPSCF300001	Hmel221017
3888409	3888522	200259	200372	114	114	6243218	436181	0.00	0.03	DPSCF300001	Hmel221017
3888520	3888630	201786	201896	111	111	6243218	436181	0.00	0.03	DPSCF300001	Hmel221017
3888998	3889120	204274	204396	123	123	6243218	436181	0.00	0.03	DPSCF300001	Hmel221017
3893893	3894099	210059	210316	207	258	6243218	436181	0.00	0.06	DPSCF300001	Hmel221017
3895983	3896378	212379	212774	396	396	6243218	436181	0.01	0.09	DPSCF300001	Hmel221017
3898351	3898596	217206	217466	246	261	6243218	436181	0.00	0.06	DPSCF300001	Hmel221017
3900801	3901142	222985	223290	342	306	6243218	436181	0.01	0.07	DPSCF300001	Hmel221017
3931762	3931980	264111	264389	219	279	6243218	436181	0.00	0.06	DPSCF300001	Hmel221017
3934787	3934921	269178	269297	135	120	6243218	436181	0.00	0.03	DPSCF300001	Hmel221017
3935819	3936043	271352	271576	225	225	6243218	436181	0.00	0.05	DPSCF300001	Hmel221017
3948801	3948890	282104	282193	90	90	6243218	436181	0.00	0.02	DPSCF300001	Hmel221017
3959539	3959637	306735	306833	99	99	6243218	436181	0.00	0.02	DPSCF300001	Hmel221017
3963624	3963779	310510	310665	156	156	6243218	436181	0.00	0.04	DPSCF300001	Hmel221017
3974150	3974305	315543	315701	156	159	6243218	436181	0.00	0.04	DPSCF300001	Hmel221017
3977923	3978108	317242	317430	186	189	6243218	436181	0.00	0.04	DPSCF300001	Hmel221017
3983182	3983343	330586	330747	162	162	6243218	436181	0.00	0.04	DPSCF300001	Hmel221017
3983941	3984192	332603	332857	252	255	6243218	436181	0.00	0.06	DPSCF300001	Hmel221017
3986255	3986437	335008	335187	183	180	6243218	436181	0.00	0.04	DPSCF300001	Hmel221017
3986710	3987011	335390	335670	302	281	6243218	436181	0.00	0.06	DPSCF300001	Hmel221017
3988287	3988472	340015	340200	186	186	6243218	436181	0.00	0.04	DPSCF300001	Hmel221017
3992279	3992515	343905	344144	237	240	6243218	436181	0.00	0.06	DPSCF300001	Hmel221017
3997570	3998169	350435	351031	600	597	6243218	436181	0.01	0.14	DPSCF300001	Hmel221017
4003484	4003999	357697	358212	516	516	6243218	436181	0.01	0.12	DPSCF300001	Hmel221017
4003977	4004255	358213	358470	279	258	6243218	436181	0.00	0.06	DPSCF300001	Hmel221017
4004323	4004505	358569	358754	183	186	6243218	436181	0.00	0.04	DPSCF300001	Hmel221017
4014759	4016288	369866	371389	1530	1524	6243218	436181	0.02	0.35	DPSCF300001	Hmel221017
4023656	4023853	374949	375149	198	201	6243218	436181	0.00	0.05	DPSCF300001	Hmel221017
4023896	4024009	375203	375316	114	114	6243218	436181	0.00	0.03	DPSCF300001	Hmel221017
4024105	4024351	375870	376101	247	232	6243218	436181	0.00	0.05	DPSCF300001	Hmel221017
4024315	4024602	376423	376674	288	252	6243218	436181	0.00	0.06	DPSCF300001	Hmel221017
4024780	4024998	377386	377604	219	219	6243218	436181	0.00	0.05	DPSCF300001	Hmel221017
4025056	4025322	377989	378255	267	267	6243218	436181	0.00	0.06	DPSCF300001	Hmel221017
4026997	4027149	380086	380238	153	153	6243218	436181	0.00	0.04	DPSCF300001	Hmel221017
4027395	4027646	380479	380718	252	240	6243218	436181	0.00	0.06	DPSCF300001	Hmel221017
4027850	4028008	381562	381714	159	153	6243218	436181	0.00	0.04	DPSCF300001	Hmel221017
4028842	4028985	382786	382929	144	144	6243218	436181	0.00	0.03	DPSCF300001	Hmel221017
4050758	4050862	403994	404098	105	105	6243218	436181	0.00	0.02	DPSCF300001	Hmel221017
4086074	4086787	25870	26592	714	723	6243218	154795	0.01	0.47	DPSCF300001	Hmel221019
4087049	4087372	26928	27224	324	297	6243218	154795	0.01	0.19	DPSCF300001	Hmel221019
4088067	4088255	28413	28598	189	186	6243218	154795	0.00	0.12	DPSCF300001	Hmel221019
4088365	4088658	28810	29103	294	294	6243218	154795	0.00	0.19	DPSCF300001	Hmel221019
4090802	4091089	34380	34715	288	336	6243218	154795	0.00	0.22	DPSCF300001	Hmel221019
4091059	4091329	35030	35294	271	265	6243218	154795	0.00	0.17	DPSCF300001	Hmel221019
4108811	4109383	48901	49473	573	573	6243218	154795	0.01	0.37	DPSCF300001	Hmel221019
4124695	4124814	116893	117027	120	135	6243218	154795	0.00	0.09	DPSCF300001	Hmel221019
4127767	4127943	121864	122040	177	177	6243218	154795	0.00	0.11	DPSCF300001	Hmel221019
4128845	4129084	122506	122772	240	267	6243218	154795	0.00	0.17	DPSCF300001	Hmel221019
4131041	4131235	125084	125266	195	183	6243218	154795	0.00	0.12	DPSCF300001	Hmel221019
4131635	4131781	125659	125805	147	147	6243218	154795	0.00	0.09	DPSCF300001	Hmel221019
4136077	4136286	131383	131592	210	210	6243218	154795	0.00	0.14	DPSCF300001	Hmel221019
4141166	4141516	133079	133423	351	345	6243218	154795	0.01	0.22	DPSCF300001	Hmel221019
4145196	4145399	136173	136385	204	213	6243218	154795	0.00	0.14	DPSCF300001	Hmel221019
4145951	4146211	137175	137453	261	279	6243218	154795	0.00	0.18	DPSCF300001	Hmel221019
4146223	4146666	138708	139166	444	459	6243218	154795	0.01	0.30	DPSCF300001	Hmel221019
4146937	4147245	139936	140217	309	282	6243218	154795	0.00	0.18	DPSCF300001	Hmel221019
4147358	4147510	140659	140805	153	147	6243218	154795	0.00	0.09	DPSCF300001	Hmel221019
4148431	4148562	141720	141848	132	129	6243218	154795	0.00	0.08	DPSCF300001	Hmel221019
4159648	4159776	206316	206444	129	129	6243218	250685	0.00	0.05	DPSCF300001	Hmel221046
4159696	4159953	184712	184972	258	261	6243218	309213	0.00	0.08	DPSCF300001	Hmel221045
4160153	4160425	185623	185889	273	267	6243218	309213	0.00	0.09	DPSCF300001	Hmel221045
4160740	4161051	186576	186884	312	309	6243218	309213	0.00	0.10	DPSCF300001	Hmel221045
4161023	4161178	187553	187711	156	159	6243218	309213	0.00	0.05	DPSCF300001	Hmel221045
4161458	4161613	187978	188136	156	159	6243218	309213	0.00	0.05	DPSCF300001	Hmel221045
4163137	4163391	188524	188778	255	255	6243218	309213	0.00	0.08	DPSCF300001	Hmel221045
4163729	4163887	189674	189832	159	159	6243218	309213	0.00	0.05	DPSCF300001	Hmel221045
4173570	4173761	205168	205359	192	192	6243218	309213	0.00	0.06	DPSCF300001	Hmel221045
4178219	4178371	219202	219369	153	168	6243218	309213	0.00	0.05	DPSCF300001	Hmel221045
4182836	4182964	231035	231178	129	144	6243218	309213	0.00	0.05	DPSCF300001	Hmel221045
4186298	4186831	235198	235740	534	543	6243218	309213	0.01	0.18	DPSCF300001	Hmel221045
4186870	4187025	236110	236265	156	156	6243218	309213	0.00	0.05	DPSCF300001	Hmel221045
4189469	4189615	239666	239803	147	138	6243218	309213	0.00	0.04	DPSCF300001	Hmel221045
4214155	4214388	287064	287285	234	222	6243218	309213	0.00	0.07	DPSCF300001	Hmel221045
4220644	4220901	303335	303595	258	261	6243218	309213	0.00	0.08	DPSCF300001	Hmel221045
4221217	4221366	304386	304535	150	150	6243218	309213	0.00	0.05	DPSCF300001	Hmel221045
4222468	4222767	307716	308015	300	300	6243218	309213	0.00	0.10	DPSCF300001	Hmel221045
4223263	4223508	308777	309025	246	249	6243218	309213	0.00	0.08	DPSCF300001	Hmel221045
4223581	4224135	632929	633450	555	522	6243218	635484	0.01	0.08	DPSCF300001	Hmel221044
4224115	4224444	632568	632855	330	288	6243218	635484	0.01	0.05	DPSCF300001	Hmel221044
4224640	4224792	632072	632224	153	153	6243218	635484	0.00	0.02	DPSCF300001	Hmel221044
4224980	4225123	631833	631976	144	144	6243218	635484	0.00	0.02	DPSCF300001	Hmel221044
4225985	4226125	629836	629982	141	147	6243218	635484	0.00	0.02	DPSCF300001	Hmel221044
4229112	4229348	623844	624089	237	246	6243218	635484	0.00	0.04	DPSCF300001	Hmel221044
4229711	4230220	622652	623152	510	501	6243218	635484	0.01	0.08	DPSCF300001	Hmel221044
4230720	4231061	621502	621810	342	309	6243218	635484	0.01	0.05	DPSCF300001	Hmel221044
4233949	4234026	136507	136584	78	78	6243218	309213	0.00	0.03	DPSCF300001	Hmel221045
4234506	4234775	134621	134947	270	327	6243218	309213	0.00	0.11	DPSCF300001	Hmel221045
4235050	4235274	134429	134665	225	237	6243218	309213	0.00	0.08	DPSCF300001	Hmel221045
4236359	4236535	134266	134430	177	165	6243218	309213	0.00	0.05	DPSCF300001	Hmel221045
4237151	4237393	134021	134266	243	246	6243218	309213	0.00	0.08	DPSCF300001	Hmel221045
4240208	4240411	131293	131550	204	258	6243218	309213	0.00	0.08	DPSCF300001	Hmel221045
4241268	4241378	129405	129527	111	123	6243218	309213	0.00	0.04	DPSCF300001	Hmel221045
4243455	4243580	126762	126890	126	129	6243218	309213	0.00	0.04	DPSCF300001	Hmel221045
4244390	4244485	126666	126761	96	96	6243218	309213	0.00	0.03	DPSCF300001	Hmel221045
4244764	4244925	126480	126641	162	162	6243218	309213	0.00	0.05	DPSCF300001	Hmel221045
4245278	4245529	126255	126482	252	228	6243218	309213	0.00	0.07	DPSCF300001	Hmel221045
4246014	4246178	125543	125731	165	189	6243218	309213	0.00	0.06	DPSCF300001	Hmel221045
4247487	4247669	124107	124286	183	180	6243218	309213	0.00	0.06	DPSCF300001	Hmel221045
4248126	4248398	123478	123738	273	261	6243218	309213	0.00	0.08	DPSCF300001	Hmel221045
4249297	4249632	122586	122921	336	336	6243218	309213	0.01	0.11	DPSCF300001	Hmel221045
4250727	4251041	120769	121086	315	318	6243218	309213	0.01	0.10	DPSCF300001	Hmel221045
4252291	4252545	117580	117837	255	258	6243218	309213	0.00	0.08	DPSCF300001	Hmel221045
4252776	4252928	117436	117588	153	153	6243218	309213	0.00	0.05	DPSCF300001	Hmel221045
4257008	4257886	86485	87350	879	866	6243218	309213	0.01	0.28	DPSCF300001	Hmel221045
4258024	4259862	84361	86193	1839	1833	6243218	309213	0.03	0.59	DPSCF300001	Hmel221045
4260740	4262161	82208	83628	1422	1421	6243218	309213	0.02	0.46	DPSCF300001	Hmel221045
4266335	4266580	77052	77288	246	237	6243218	309213	0.00	0.08	DPSCF300001	Hmel221045
4334709	4334879	31463	31633	171	171	6243218	250685	0.00	0.07	DPSCF300001	Hmel221046
4334881	4335375	31663	32151	495	489	6243218	250685	0.01	0.20	DPSCF300001	Hmel221046
4336410	4336514	32962	33066	105	105	6243218	250685	0.00	0.04	DPSCF300001	Hmel221046
4337070	4337323	33572	33825	254	254	6243218	250685	0.00	0.10	DPSCF300001	Hmel221046
4337439	4337717	33956	34234	279	279	6243218	250685	0.00	0.11	DPSCF300001	Hmel221046
4337767	4337922	34292	34447	156	156	6243218	250685	0.00	0.06	DPSCF300001	Hmel221046
4338012	4338290	34539	34817	279	279	6243218	250685	0.00	0.11	DPSCF300001	Hmel221046
4338426	4338677	34908	35159	252	252	6243218	250685	0.00	0.10	DPSCF300001	Hmel221046
4338860	4339005	35222	35367	146	146	6243218	250685	0.00	0.06	DPSCF300001	Hmel221046
4340877	4341779	38158	39045	903	888	6243218	250685	0.01	0.35	DPSCF300001	Hmel221046
4341839	4342039	39170	39370	201	201	6243218	250685	0.00	0.08	DPSCF300001	Hmel221046
4342118	4342279	39499	39681	162	183	6243218	250685	0.00	0.07	DPSCF300001	Hmel221046
4342319	4342534	39780	39995	216	216	6243218	250685	0.00	0.09	DPSCF300001	Hmel221046
4342611	4342715	40116	40220	105	105	6243218	250685	0.00	0.04	DPSCF300001	Hmel221046
4342790	4343871	40309	41349	1082	1041	6243218	250685	0.02	0.42	DPSCF300001	Hmel221046
4349286	4349705	339142	339561	420	420	6243218	690739	0.01	0.06	DPSCF300001	Hmel221009
4349442	4350170	442908	443636	729	729	6243218	901467	0.01	0.08	DPSCF300001	Hmel221015
4359551	4362667	60956	63976	3117	3021	6243218	250685	0.05	1.21	DPSCF300001	Hmel221046
4375857	4376162	85362	85658	306	297	6243218	250685	0.00	0.12	DPSCF300001	Hmel221046
4385057	4385245	93788	93976	189	189	6243218	250685	0.00	0.08	DPSCF300001	Hmel221046
4385405	4385914	95492	95998	510	507	6243218	250685	0.01	0.20	DPSCF300001	Hmel221046
4386130	4386633	96256	96753	504	498	6243218	250685	0.01	0.20	DPSCF300001	Hmel221046
4386746	4387636	96865	97775	891	911	6243218	250685	0.01	0.36	DPSCF300001	Hmel221046
4388020	4388259	98575	98814	240	240	6243218	250685	0.00	0.10	DPSCF300001	Hmel221046
4388355	4388519	99207	99371	165	165	6243218	250685	0.00	0.07	DPSCF300001	Hmel221046
4388723	4388998	99666	99944	276	279	6243218	250685	0.00	0.11	DPSCF300001	Hmel221046
4389253	4389594	101093	101455	342	363	6243218	250685	0.01	0.14	DPSCF300001	Hmel221046
4389702	4389917	101634	101849	216	216	6243218	250685	0.00	0.09	DPSCF300001	Hmel221046
4394346	4394577	23745	23982	232	238	6243218	84782	0.00	0.28	DPSCF300001	Hmel221047
4394979	4395266	24406	24702	288	297	6243218	84782	0.00	0.35	DPSCF300001	Hmel221047
4397108	4397203	25595	25690	96	96	6243218	84782	0.00	0.11	DPSCF300001	Hmel221047
4417078	4417323	50291	50536	246	246	6243218	84782	0.00	0.29	DPSCF300001	Hmel221047
4418645	4418827	1977089	1977283	183	195	6243218	2640189	0.00	0.01	DPSCF300001	Hmel221001
4443306	4443518	244079	244300	213	222	6243218	250685	0.00	0.09	DPSCF300001	Hmel221046
4457981	4458124	235832	235975	144	144	6243218	250685	0.00	0.06	DPSCF300001	Hmel221046
4476038	4476193	228081	228236	156	156	6243218	250685	0.00	0.06	DPSCF300001	Hmel221046
4477667	4477825	226385	226543	159	159	6243218	250685	0.00	0.06	DPSCF300001	Hmel221046
4479446	4479544	224253	224351	99	99	6243218	250685	0.00	0.04	DPSCF300001	Hmel221046
4481841	4482062	218236	218466	222	231	6243218	250685	0.00	0.09	DPSCF300001	Hmel221046
4485237	4485500	198089	198352	264	264	6243218	250685	0.00	0.11	DPSCF300001	Hmel221046
4487348	4487455	194529	194636	108	108	6243218	250685	0.00	0.04	DPSCF300001	Hmel221046
4487920	4488093	193473	193646	174	174	6243218	250685	0.00	0.07	DPSCF300001	Hmel221046
4488129	4488236	193316	193423	108	108	6243218	250685	0.00	0.04	DPSCF300001	Hmel221046
4488420	4488539	193088	193207	120	120	6243218	250685	0.00	0.05	DPSCF300001	Hmel221046
4490751	4490828	191024	191113	78	90	6243218	250685	0.00	0.04	DPSCF300001	Hmel221046
4495652	4495831	174778	174960	180	183	6243218	250685	0.00	0.07	DPSCF300001	Hmel221046
4501084	4501344	169447	169698	261	252	6243218	250685	0.00	0.10	DPSCF300001	Hmel221046
4501533	4501721	168820	169002	189	183	6243218	250685	0.00	0.07	DPSCF300001	Hmel221046
4505800	4506198	151162	151548	399	387	6243218	250685	0.01	0.15	DPSCF300001	Hmel221046
4506583	4506777	149938	150132	195	195	6243218	250685	0.00	0.08	DPSCF300001	Hmel221046
4508786	4509007	147587	147808	222	222	6243218	250685	0.00	0.09	DPSCF300001	Hmel221046
4509026	4509208	147062	147244	183	183	6243218	250685	0.00	0.07	DPSCF300001	Hmel221046
4509233	4510210	145328	146341	978	1014	6243218	250685	0.02	0.40	DPSCF300001	Hmel221046
4510209	4510475	144439	144693	267	255	6243218	250685	0.00	0.10	DPSCF300001	Hmel221046
4510581	4510766	143655	143840	186	186	6243218	250685	0.00	0.07	DPSCF300001	Hmel221046
4512371	4512622	141774	142043	252	270	6243218	250685	0.00	0.11	DPSCF300001	Hmel221046
4512713	4513510	140267	141088	798	822	6243218	250685	0.01	0.33	DPSCF300001	Hmel221046
4513698	4514006	139593	139886	309	294	6243218	250685	0.00	0.12	DPSCF300001	Hmel221046
4517677	4517859	132949	133125	183	177	6243218	250685	0.00	0.07	DPSCF300001	Hmel221046
4518514	4518858	132010	132369	345	360	6243218	250685	0.01	0.14	DPSCF300001	Hmel221046
4520195	4520515	130499	130822	321	324	6243218	250685	0.01	0.13	DPSCF300001	Hmel221046
4521162	4521401	128162	128401	240	240	6243218	250685	0.00	0.10	DPSCF300001	Hmel221046
4521430	4521717	126466	126729	288	264	6243218	250685	0.00	0.11	DPSCF300001	Hmel221046
4521904	4522089	125556	125741	186	186	6243218	250685	0.00	0.07	DPSCF300001	Hmel221046
4522195	4522485	122861	123127	291	267	6243218	250685	0.00	0.11	DPSCF300001	Hmel221046
4522708	4522854	122494	122643	147	150	6243218	250685	0.00	0.06	DPSCF300001	Hmel221046
4527441	4527932	113244	113747	492	504	6243218	250685	0.01	0.20	DPSCF300001	Hmel221046
4527913	4528143	112604	112849	231	246	6243218	250685	0.00	0.10	DPSCF300001	Hmel221046
4530250	4531806	16305	17861	1557	1557	6243218	84782	0.02	1.84	DPSCF300001	Hmel221047
4537030	4537137	10891	10998	108	108	6243218	84782	0.00	0.13	DPSCF300001	Hmel221047
4537215	4537397	10445	10612	183	168	6243218	84782	0.00	0.20	DPSCF300001	Hmel221047
4537649	4537822	9454	9627	174	174	6243218	84782	0.00	0.21	DPSCF300001	Hmel221047
4538689	4538892	7826	8038	204	213	6243218	84782	0.00	0.25	DPSCF300001	Hmel221047
4539966	4540172	7482	7715	207	234	6243218	84782	0.00	0.28	DPSCF300001	Hmel221047
4541320	4541655	5833	6183	336	351	6243218	84782	0.01	0.41	DPSCF300001	Hmel221047
4547490	4547699	552003	552209	210	207	6243218	635484	0.00	0.03	DPSCF300001	Hmel221044
4550876	4554364	379985	383522	3489	3538	6243218	635484	0.06	0.56	DPSCF300001	Hmel221044
4555861	4557411	386411	387943	1551	1533	6243218	635484	0.02	0.24	DPSCF300001	Hmel221044
4577965	4579635	436004	437677	1671	1674	6243218	635484	0.03	0.26	DPSCF300001	Hmel221044
4580096	4581547	438043	439482	1452	1440	6243218	635484	0.02	0.23	DPSCF300001	Hmel221044
4581696	4583656	439515	441481	1961	1967	6243218	635484	0.03	0.31	DPSCF300001	Hmel221044
4583642	4583815	441495	441668	174	174	6243218	635484	0.00	0.03	DPSCF300001	Hmel221044
4583929	4584925	441748	442752	997	1005	6243218	635484	0.02	0.16	DPSCF300001	Hmel221044
4584910	4585353	443954	444397	444	444	6243218	635484	0.01	0.07	DPSCF300001	Hmel221044
4585402	4586229	444674	445501	828	828	6243218	635484	0.01	0.13	DPSCF300001	Hmel221044
4586229	4586557	445535	445848	329	314	6243218	635484	0.01	0.05	DPSCF300001	Hmel221044
4586648	4589248	445923	448511	2601	2589	6243218	635484	0.04	0.41	DPSCF300001	Hmel221044
4589298	4589498	448583	448783	201	201	6243218	635484	0.00	0.03	DPSCF300001	Hmel221044
4589574	4590998	448878	450302	1425	1425	6243218	635484	0.02	0.22	DPSCF300001	Hmel221044
4591027	4591368	450356	450697	342	342	6243218	635484	0.01	0.05	DPSCF300001	Hmel221044
4591475	4591717	450816	451058	243	243	6243218	635484	0.00	0.04	DPSCF300001	Hmel221044
4591772	4592237	451194	451675	466	482	6243218	635484	0.01	0.08	DPSCF300001	Hmel221044
4592455	4592885	451912	452339	431	428	6243218	635484	0.01	0.07	DPSCF300001	Hmel221044
4593085	4594488	452410	453801	1404	1392	6243218	635484	0.02	0.22	DPSCF300001	Hmel221044
4594466	4594845	454575	454950	380	376	6243218	635484	0.01	0.06	DPSCF300001	Hmel221044
4596113	4596250	456215	456352	138	138	6243218	635484	0.00	0.02	DPSCF300001	Hmel221044
4605929	4607047	472428	473540	1119	1113	6243218	635484	0.02	0.18	DPSCF300001	Hmel221044
4607714	4607944	474197	474427	231	231	6243218	635484	0.00	0.04	DPSCF300001	Hmel221044
4608690	4609739	478006	479055	1050	1050	6243218	635484	0.02	0.17	DPSCF300001	Hmel221044
4610799	4615901	480194	485272	5103	5079	6243218	635484	0.08	0.80	DPSCF300001	Hmel221044
4627482	4629137	495021	496694	1656	1674	6243218	635484	0.03	0.26	DPSCF300001	Hmel221044
4629250	4629363	497766	497879	114	114	6243218	635484	0.00	0.02	DPSCF300001	Hmel221044
4629687	4629871	498443	498627	185	185	6243218	635484	0.00	0.03	DPSCF300001	Hmel221044
4630182	4631237	499387	500445	1056	1059	6243218	635484	0.02	0.17	DPSCF300001	Hmel221044
4631272	4632681	500427	501836	1410	1410	6243218	635484	0.02	0.22	DPSCF300001	Hmel221044
4633661	4634407	503498	504262	747	765	6243218	635484	0.01	0.12	DPSCF300001	Hmel221044
4634492	4634886	504657	505066	395	410	6243218	635484	0.01	0.06	DPSCF300001	Hmel221044
4636246	4636895	510727	511432	650	706	6243218	635484	0.01	0.11	DPSCF300001	Hmel221044
4641846	4642013	513710	513877	168	168	6243218	635484	0.00	0.03	DPSCF300001	Hmel221044
4642407	4642568	514631	514792	162	162	6243218	635484	0.00	0.03	DPSCF300001	Hmel221044
4668902	4669435	596496	597079	534	584	6243218	635484	0.01	0.09	DPSCF300001	Hmel221044
4669640	4669762	597327	597449	123	123	6243218	635484	0.00	0.02	DPSCF300001	Hmel221044
4670160	4670384	597717	597938	225	222	6243218	635484	0.00	0.03	DPSCF300001	Hmel221044
4678820	4679002	608217	608399	183	183	6243218	635484	0.00	0.03	DPSCF300001	Hmel221044
4679521	4679721	609297	609515	201	219	6243218	635484	0.00	0.03	DPSCF300001	Hmel221044
4680236	4680517	609838	610056	282	219	6243218	635484	0.00	0.03	DPSCF300001	Hmel221044
4680515	4680694	616069	616242	180	174	6243218	635484	0.00	0.03	DPSCF300001	Hmel221044
4680698	4680853	616673	616828	156	156	6243218	635484	0.00	0.02	DPSCF300001	Hmel221044
4684307	4684606	620682	620978	300	297	6243218	635484	0.00	0.05	DPSCF300001	Hmel221044
4688912	4689133	184244	184468	222	225	6243218	436181	0.00	0.05	DPSCF300001	Hmel221017
4689245	4689568	183573	183881	324	309	6243218	436181	0.01	0.07	DPSCF300001	Hmel221017
4689683	4690054	182524	182904	372	381	6243218	436181	0.01	0.09	DPSCF300001	Hmel221017
4690684	4690848	181112	181285	165	174	6243218	436181	0.00	0.04	DPSCF300001	Hmel221017
4693500	4693652	172140	172292	153	153	6243218	436181	0.00	0.04	DPSCF300001	Hmel221017
4732830	4733279	99337	99765	450	429	6243218	436181	0.01	0.10	DPSCF300001	Hmel221017
4733395	4733622	98612	98845	228	234	6243218	436181	0.00	0.05	DPSCF300001	Hmel221017
4737086	4737241	90910	91086	156	177	6243218	436181	0.00	0.04	DPSCF300001	Hmel221017
4749045	4750121	62952	64031	1077	1080	6243218	436181	0.02	0.25	DPSCF300001	Hmel221017
4750136	4750369	62708	62938	234	231	6243218	436181	0.00	0.05	DPSCF300001	Hmel221017
4753067	4753312	61119	61331	246	213	6243218	436181	0.00	0.05	DPSCF300001	Hmel221017
4791622	4791732	562004	562114	111	111	6243218	901467	0.00	0.01	DPSCF300001	Hmel221015
4792767	4792970	563167	563379	204	213	6243218	901467	0.00	0.02	DPSCF300001	Hmel221015
4794240	4794341	564683	564784	102	102	6243218	901467	0.00	0.01	DPSCF300001	Hmel221015
4796087	4796179	568722	568814	93	93	6243218	901467	0.00	0.01	DPSCF300001	Hmel221015
4802820	4803023	580524	580727	204	204	6243218	901467	0.00	0.02	DPSCF300001	Hmel221015
4808762	4809091	592695	593015	330	321	6243218	901467	0.01	0.04	DPSCF300001	Hmel221015
4815419	4815721	602222	602521	303	300	6243218	901467	0.00	0.03	DPSCF300001	Hmel221015
4816737	4816868	604569	604700	132	132	6243218	901467	0.00	0.01	DPSCF300001	Hmel221015
4817654	4817938	606367	606651	285	285	6243218	901467	0.00	0.03	DPSCF300001	Hmel221015
4817991	4818140	606705	606854	150	150	6243218	901467	0.00	0.02	DPSCF300001	Hmel221015
4821638	4821784	613833	613976	147	144	6243218	901467	0.00	0.02	DPSCF300001	Hmel221015
4826959	4827636	619760	620419	678	660	6243218	901467	0.01	0.07	DPSCF300001	Hmel221015
4827633	4827854	620475	620699	222	225	6243218	901467	0.00	0.02	DPSCF300001	Hmel221015
4833881	4834015	636081	636215	135	135	6243218	901467	0.00	0.01	DPSCF300001	Hmel221015
4873630	4874001	707490	707864	372	375	6243218	901467	0.01	0.04	DPSCF300001	Hmel221015
4874557	4874671	708536	708650	115	115	6243218	901467	0.00	0.01	DPSCF300001	Hmel221015
4881473	4881727	716242	716472	255	231	6243218	901467	0.00	0.03	DPSCF300001	Hmel221015
4886512	4886721	724143	724346	210	204	6243218	901467	0.00	0.02	DPSCF300001	Hmel221015
4890642	4890817	731361	731533	176	173	6243218	901467	0.00	0.02	DPSCF300001	Hmel221015
4891249	4891677	731948	732376	429	429	6243218	901467	0.01	0.05	DPSCF300001	Hmel221015
4892007	4892177	732656	732841	171	186	6243218	901467	0.00	0.02	DPSCF300001	Hmel221015
4894804	4895088	735729	736028	285	300	6243218	901467	0.00	0.03	DPSCF300001	Hmel221015
4895138	4895566	736076	736507	429	432	6243218	901467	0.01	0.05	DPSCF300001	Hmel221015
4895697	4896347	736677	737309	651	633	6243218	901467	0.01	0.07	DPSCF300001	Hmel221015
4896977	4897363	738089	738472	387	384	6243218	901467	0.01	0.04	DPSCF300001	Hmel221015
4897639	4898231	738711	739240	593	530	6243218	901467	0.01	0.06	DPSCF300001	Hmel221015
4899377	4899505	740518	740649	129	132	6243218	901467	0.00	0.01	DPSCF300001	Hmel221015
4911841	4912214	762391	762731	374	341	6243218	901467	0.01	0.04	DPSCF300001	Hmel221015
4917076	4917354	772794	773072	279	279	6243218	901467	0.00	0.03	DPSCF300001	Hmel221015
4917702	4918127	773495	773927	426	433	6243218	901467	0.01	0.05	DPSCF300001	Hmel221015
4928661	4928774	876543	876659	114	117	6243218	901467	0.00	0.01	DPSCF300001	Hmel221015
4940046	4940296	894133	894410	251	278	6243218	901467	0.00	0.03	DPSCF300001	Hmel221015
4948975	4949314	792518	792875	340	358	6243218	901467	0.01	0.04	DPSCF300001	Hmel221015
4962539	4963003	816594	817031	465	438	6243218	901467	0.01	0.05	DPSCF300001	Hmel221015
4966443	4966586	821654	821797	144	144	6243218	901467	0.00	0.02	DPSCF300001	Hmel221015
4967377	4967508	822863	822997	132	135	6243218	901467	0.00	0.01	DPSCF300001	Hmel221015
4980794	4980923	842796	842919	130	124	6243218	901467	0.00	0.01	DPSCF300001	Hmel221015
4981472	4981979	844445	844943	508	499	6243218	901467	0.01	0.06	DPSCF300001	Hmel221015
4981947	4982743	845018	845772	797	755	6243218	901467	0.01	0.08	DPSCF300001	Hmel221015
4986816	4987064	853715	853945	249	231	6243218	901467	0.00	0.03	DPSCF300001	Hmel221015
5015359	5015652	2700	2996	294	297	6243218	48858	0.00	0.61	DPSCF300001	Hmel221016
5019883	5020059	2355	2516	177	162	6243218	48858	0.00	0.33	DPSCF300001	Hmel221016
5020132	5020395	2545	2805	264	261	6243218	436181	0.00	0.06	DPSCF300001	Hmel221017
5020605	5020928	3558	3869	324	312	6243218	436181	0.01	0.07	DPSCF300001	Hmel221017
5021472	5021688	4240	4468	217	229	6243218	436181	0.00	0.05	DPSCF300001	Hmel221017
5021853	5022008	5668	5823	156	156	6243218	436181	0.00	0.04	DPSCF300001	Hmel221017
5023614	5023814	7039	7239	201	201	6243218	436181	0.00	0.05	DPSCF300001	Hmel221017
5024861	5025226	8597	8947	366	351	6243218	436181	0.01	0.08	DPSCF300001	Hmel221017
5065804	5066082	23902	24180	279	279	6243218	183404	0.00	0.15	DPSCF300001	Hmel221018
5083903	5084316	35381	35740	414	360	6243218	183404	0.01	0.20	DPSCF300001	Hmel221018
5084243	5084527	36117	36395	285	279	6243218	183404	0.00	0.15	DPSCF300001	Hmel221018
5088100	5088348	48808	49101	249	294	6243218	183404	0.00	0.16	DPSCF300001	Hmel221018
5089130	5089492	51952	52281	363	330	6243218	183404	0.01	0.18	DPSCF300001	Hmel221018
5104774	5105133	62618	62977	360	360	6243218	183404	0.01	0.20	DPSCF300001	Hmel221018
5160092	5160205	113495	113608	114	114	6243218	183404	0.00	0.06	DPSCF300001	Hmel221018
5161947	5162039	116904	116996	93	93	6243218	183404	0.00	0.05	DPSCF300001	Hmel221018
5162193	5162384	29088	29258	192	171	6243218	78048	0.00	0.22	DPSCF300001	Hmel221020
5163499	5163759	118829	119089	261	261	6243218	183404	0.00	0.14	DPSCF300001	Hmel221018
5163761	5163946	119701	119883	186	183	6243218	183404	0.00	0.10	DPSCF300001	Hmel221018
5164188	5164515	120116	120440	328	325	6243218	183404	0.01	0.18	DPSCF300001	Hmel221018
5164567	5165003	120458	120882	437	425	6243218	183404	0.01	0.23	DPSCF300001	Hmel221018
5165079	5165616	120974	121460	538	487	6243218	183404	0.01	0.27	DPSCF300001	Hmel221018
5165704	5165909	121553	121758	206	206	6243218	183404	0.00	0.11	DPSCF300001	Hmel221018
5175054	5175209	134988	135113	156	126	6243218	183404	0.00	0.07	DPSCF300001	Hmel221018
5175485	5175768	135534	135793	284	260	6243218	183404	0.00	0.14	DPSCF300001	Hmel221018
5175758	5175940	136088	136267	183	180	6243218	183404	0.00	0.10	DPSCF300001	Hmel221018
5176068	5176343	136410	136700	276	291	6243218	183404	0.00	0.16	DPSCF300001	Hmel221018
5176344	5176662	136702	136996	319	295	6243218	183404	0.01	0.16	DPSCF300001	Hmel221018
5176741	5177007	137045	137308	267	264	6243218	183404	0.00	0.14	DPSCF300001	Hmel221018
5178139	5178348	139555	139749	210	195	6243218	183404	0.00	0.11	DPSCF300001	Hmel221018
5182779	5183054	146929	147204	276	276	6243218	183404	0.00	0.15	DPSCF300001	Hmel221018
5183122	5183301	147311	147490	180	180	6243218	183404	0.00	0.10	DPSCF300001	Hmel221018
5183318	5183572	147876	148118	255	243	6243218	183404	0.00	0.13	DPSCF300001	Hmel221018
5186586	5186720	151153	151287	135	135	6243218	183404	0.00	0.07	DPSCF300001	Hmel221018
5187310	5187483	153111	153284	174	174	6243218	183404	0.00	0.09	DPSCF300001	Hmel221018
5187776	5188258	153583	154014	483	432	6243218	183404	0.01	0.24	DPSCF300001	Hmel221018
5189083	5189328	156692	156937	246	246	6243218	183404	0.00	0.13	DPSCF300001	Hmel221018
5189776	5190000	157591	157815	225	225	6243218	183404	0.00	0.12	DPSCF300001	Hmel221018
5208094	5208213	1612	1725	120	114	6243218	78048	0.00	0.15	DPSCF300001	Hmel221020
5211227	5211640	5343	5756	414	414	6243218	78048	0.01	0.53	DPSCF300001	Hmel221020
5211768	5213564	8827	10604	1797	1778	6243218	78048	0.03	2.28	DPSCF300001	Hmel221020
5213473	5213709	10625	10843	237	219	6243218	78048	0.00	0.28	DPSCF300001	Hmel221020
5223699	5223884	23425	23607	186	183	6243218	78048	0.00	0.23	DPSCF300001	Hmel221020
5224103	5224252	23871	24020	150	150	6243218	78048	0.00	0.19	DPSCF300001	Hmel221020
5224399	5224713	24391	24702	315	312	6243218	78048	0.01	0.40	DPSCF300001	Hmel221020
5225523	5226000	24713	25205	478	493	6243218	78048	0.01	0.63	DPSCF300001	Hmel221020
5226016	5226108	25312	25404	93	93	6243218	78048	0.00	0.12	DPSCF300001	Hmel221020
5226120	5226822	25421	26121	703	701	6243218	78048	0.01	0.90	DPSCF300001	Hmel221020
5227099	5227717	26386	26989	619	604	6243218	78048	0.01	0.77	DPSCF300001	Hmel221020
5227877	5227975	27149	27247	99	99	6243218	78048	0.00	0.13	DPSCF300001	Hmel221020
5228072	5228302	27402	27632	231	231	6243218	78048	0.00	0.30	DPSCF300001	Hmel221020
5228739	5228867	28147	28263	129	117	6243218	78048	0.00	0.15	DPSCF300001	Hmel221020
5229735	5229875	117122	117262	141	141	6243218	183404	0.00	0.08	DPSCF300001	Hmel221018
5230052	5230242	29401	29591	191	191	6243218	78048	0.00	0.24	DPSCF300001	Hmel221020
5231487	5231630	34571	34702	144	132	6243218	78048	0.00	0.17	DPSCF300001	Hmel221020
5242342	5242675	56880	57267	334	388	6243218	112727	0.01	0.34	DPSCF300001	Hmel221021
5244345	5244575	54559	54804	231	246	6243218	112727	0.00	0.22	DPSCF300001	Hmel221021
5248363	5248563	48625	48825	201	201	6243218	112727	0.00	0.18	DPSCF300001	Hmel221021
5249114	5249293	46351	46500	180	150	6243218	112727	0.00	0.13	DPSCF300001	Hmel221021
5249265	5249459	45919	46110	195	192	6243218	112727	0.00	0.17	DPSCF300001	Hmel221021
5254081	5254554	43121	43588	474	468	6243218	112727	0.01	0.42	DPSCF300001	Hmel221021
5256713	5256943	36382	36606	231	225	6243218	112727	0.00	0.20	DPSCF300001	Hmel221021
5257509	5257643	34667	34801	135	135	6243218	112727	0.00	0.12	DPSCF300001	Hmel221021
5258173	5258454	32422	32682	282	261	6243218	112727	0.00	0.23	DPSCF300001	Hmel221021
5263228	5263449	24552	24764	222	213	6243218	112727	0.00	0.19	DPSCF300001	Hmel221021
5264204	5264554	23126	23467	351	342	6243218	112727	0.01	0.30	DPSCF300001	Hmel221021
5265127	5265304	21316	21514	178	199	6243218	112727	0.00	0.18	DPSCF300001	Hmel221021
5279878	5280063	2085	2270	186	186	6243218	112727	0.00	0.17	DPSCF300001	Hmel221021
5281453	5281611	852	1016	159	165	6243218	112727	0.00	0.15	DPSCF300001	Hmel221021
5287322	5287597	7256	7558	276	303	6243218	9752	0.00	3.11	DPSCF300001	Hmel221024
5288845	5289120	3806	4045	276	240	6243218	88455	0.00	0.27	DPSCF300001	Hmel221022
5381274	5381720	680506	680952	447	447	6243218	2640189	0.01	0.02	DPSCF300001	Hmel221001
5381807	5382181	395072	395446	375	375	6243218	635484	0.01	0.06	DPSCF300001	Hmel221044
5387470	5387607	365675	365812	138	138	6243218	901467	0.00	0.02	DPSCF300001	Hmel221015
5387646	5387732	233941	234027	87	87	6243218	250685	0.00	0.03	DPSCF300001	Hmel221046
5387709	5387849	365424	365564	141	141	6243218	901467	0.00	0.02	DPSCF300001	Hmel221015
5388215	5388343	631372	631500	129	129	6243218	635484	0.00	0.02	DPSCF300001	Hmel221044
5388326	5388511	631227	631370	186	144	6243218	635484	0.00	0.02	DPSCF300001	Hmel221044
5389923	5390093	36710	36883	171	174	6243218	165351	0.00	0.11	DPSCF300001	Hmel221025
5406777	5406920	74217	74360	144	144	6243218	165351	0.00	0.09	DPSCF300001	Hmel221025
5410711	5410914	84275	84481	204	207	6243218	165351	0.00	0.13	DPSCF300001	Hmel221025
5424574	5424903	114887	115228	330	342	6243218	165351	0.01	0.21	DPSCF300001	Hmel221025
5424966	5425121	116259	116414	156	156	6243218	165351	0.00	0.09	DPSCF300001	Hmel221025
5427738	5427854	120553	120669	117	117	6243218	165351	0.00	0.07	DPSCF300001	Hmel221025
5428500	5428775	121236	121493	276	258	6243218	165351	0.00	0.16	DPSCF300001	Hmel221025
5431879	5432052	127206	127385	174	180	6243218	165351	0.00	0.11	DPSCF300001	Hmel221025
5432200	5432340	128104	128244	141	141	6243218	165351	0.00	0.09	DPSCF300001	Hmel221025
5433695	5434042	133587	133919	348	333	6243218	165351	0.01	0.20	DPSCF300001	Hmel221025
5433958	5434137	136471	136659	180	189	6243218	165351	0.00	0.11	DPSCF300001	Hmel221025
5440921	5441064	142335	142481	144	147	6243218	165351	0.00	0.09	DPSCF300001	Hmel221025
5531865	5532082	32216	32439	218	224	6243218	47181	0.00	0.47	DPSCF300001	Hmel221026
5538598	5538804	16217	16408	207	192	6243218	47181	0.00	0.41	DPSCF300001	Hmel221026
5540683	5540919	27204	27440	237	237	6243218	39554	0.00	0.60	DPSCF300001	Hmel221027
5541153	5541281	26817	26945	129	129	6243218	39554	0.00	0.33	DPSCF300001	Hmel221027
5541505	5541621	25565	25681	117	117	6243218	39554	0.00	0.30	DPSCF300001	Hmel221027
5542900	5543199	22609	22914	300	306	6243218	39554	0.00	0.77	DPSCF300001	Hmel221027
5544662	5546152	18542	19924	1491	1383	6243218	39554	0.02	3.50	DPSCF300001	Hmel221027
5549418	5549573	11516	11671	156	156	6243218	39554	0.00	0.39	DPSCF300001	Hmel221027
5551436	5551792	9491	9901	357	411	6243218	39554	0.01	1.04	DPSCF300001	Hmel221027
5551726	5551878	9162	9314	153	153	6243218	39554	0.00	0.39	DPSCF300001	Hmel221027
5552972	5553136	8407	8556	165	150	6243218	39554	0.00	0.38	DPSCF300001	Hmel221027
5554198	5554467	6345	6614	270	270	6243218	39554	0.00	0.68	DPSCF300001	Hmel221027
5554856	5554969	6153	6266	114	114	6243218	39554	0.00	0.29	DPSCF300001	Hmel221027
5555116	5555718	5289	5930	603	642	6243218	39554	0.01	1.62	DPSCF300001	Hmel221027
5565161	5565235	2810827	2810901	75	75	6243218	3415019	0.00	0.00	DPSCF300001	Hmel221012
5568262	5568576	11084	11398	315	315	6243218	247236	0.01	0.13	DPSCF300001	Hmel221028
5568640	5568825	16792	16977	186	186	6243218	247236	0.00	0.08	DPSCF300001	Hmel221028
5569092	5569289	17429	17653	198	225	6243218	247236	0.00	0.09	DPSCF300001	Hmel221028
5569371	5569556	17902	18087	186	186	6243218	247236	0.00	0.08	DPSCF300001	Hmel221028
5570349	5570492	20183	20335	144	153	6243218	247236	0.00	0.06	DPSCF300001	Hmel221028
5570545	5570685	21817	21951	141	135	6243218	247236	0.00	0.05	DPSCF300001	Hmel221028
5571770	5572408	22916	23551	639	636	6243218	247236	0.01	0.26	DPSCF300001	Hmel221028
5640517	5640671	135253	135392	155	140	6243218	247236	0.00	0.06	DPSCF300001	Hmel221028
5642606	5642713	140262	140375	108	114	6243218	247236	0.00	0.05	DPSCF300001	Hmel221028
5645232	5645438	689141	689347	207	207	6243218	2640189	0.00	0.01	DPSCF300001	Hmel221001
5645783	5645986	145690	145893	204	204	6243218	247236	0.00	0.08	DPSCF300001	Hmel221028
5648464	5649225	150418	151194	762	777	6243218	247236	0.01	0.31	DPSCF300001	Hmel221028
5663106	5663348	185598	185834	243	237	6243218	247236	0.00	0.10	DPSCF300001	Hmel221028
5663808	5663954	187949	188095	147	147	6243218	247236	0.00	0.06	DPSCF300001	Hmel221028
5664845	5665744	189294	190238	900	945	6243218	247236	0.01	0.38	DPSCF300001	Hmel221028
5668776	5669153	198311	198676	378	366	6243218	247236	0.01	0.15	DPSCF300001	Hmel221028
5681264	5681497	226710	226943	234	234	6243218	247236	0.00	0.09	DPSCF300001	Hmel221028
5682308	5682451	228437	228580	144	144	6243218	247236	0.00	0.06	DPSCF300001	Hmel221028
5682664	5682888	229841	230065	225	225	6243218	247236	0.00	0.09	DPSCF300001	Hmel221028
5683401	5683706	239099	239410	306	312	6243218	247236	0.00	0.13	DPSCF300001	Hmel221028
5684333	5684572	241875	242099	240	225	6243218	247236	0.00	0.09	DPSCF300001	Hmel221028
5684824	5685015	243089	243280	192	192	6243218	247236	0.00	0.08	DPSCF300001	Hmel221028
5684995	5685258	243912	244157	264	246	6243218	247236	0.00	0.10	DPSCF300001	Hmel221028
5695475	5695675	84832	85023	201	192	6243218	316884	0.00	0.06	DPSCF300001	Hmel221030
5696092	5696364	83665	83937	273	273	6243218	316884	0.00	0.09	DPSCF300001	Hmel221030
5699963	5700349	70034	70423	387	390	6243218	316884	0.01	0.12	DPSCF300001	Hmel221030
5700417	5700671	69743	69997	255	255	6243218	316884	0.00	0.08	DPSCF300001	Hmel221030
5700744	5700872	69481	69609	129	129	6243218	316884	0.00	0.04	DPSCF300001	Hmel221030
5701660	5702553	68192	69064	894	873	6243218	316884	0.01	0.28	DPSCF300001	Hmel221030
5702652	5703047	67608	68036	396	429	6243218	316884	0.01	0.14	DPSCF300001	Hmel221030
5705421	5705549	64778	64909	129	132	6243218	316884	0.00	0.04	DPSCF300001	Hmel221030
5707198	5707600	62723	63123	403	401	6243218	316884	0.01	0.13	DPSCF300001	Hmel221030
5759017	5759217	108106	108306	201	201	6243218	316884	0.00	0.06	DPSCF300001	Hmel221030
5764013	5764183	463562	463732	171	171	6243218	662847	0.00	0.03	DPSCF300001	Hmel221005
5771684	5771929	120965	121216	246	252	6243218	316884	0.00	0.08	DPSCF300001	Hmel221030
5777412	5777696	124117	124401	285	285	6243218	316884	0.00	0.09	DPSCF300001	Hmel221030
5786031	5786276	130357	130602	246	246	6243218	316884	0.00	0.08	DPSCF300001	Hmel221030
5807090	5808712	34344	35999	1623	1656	6243218	316884	0.03	0.52	DPSCF300001	Hmel221030
5807600	5809087	181042	182502	1488	1461	6243218	250685	0.02	0.58	DPSCF300001	Hmel221046
