/panfs/pfs.acf.ku.edu/scratch/jwalters/monarch_Zlinkage_orthology/neoZ_mummer/Mcinx_mummer/../DPSCF300001.fas /panfs/pfs.acf.ku.edu/scratch/jwalters/monarch_Zlinkage_orthology/neoZ_mummer/Mcinx_mummer/../Mcinx_chr21.fas
PROMER

[S1]	[E1]	[S2]	[E2]	[LEN 1]	[LEN 2]	[LEN R]	[LEN Q]	[COV R]	[COV Q]	[TAGS]
2973	3176	1604	1807	204	204	6243218	30091	0.00	0.68	DPSCF300001	chr21_superscaffold34
3248	3376	1904	2032	129	129	6243218	30091	0.00	0.43	DPSCF300001	chr21_superscaffold34
3467	3694	2096	2323	228	228	6243218	30091	0.00	0.76	DPSCF300001	chr21_superscaffold34
3759	3878	2638	2757	120	120	6243218	30091	0.00	0.40	DPSCF300001	chr21_superscaffold34
4249	4407	26911	27069	159	159	6243218	162105	0.00	0.10	DPSCF300001	chr21_superscaffold3
4628	4852	26381	26605	225	225	6243218	162105	0.00	0.14	DPSCF300001	chr21_superscaffold3
5189	5353	7338	7502	165	165	6243218	30091	0.00	0.55	DPSCF300001	chr21_superscaffold34
5430	5624	35630	35824	195	195	6243218	58743	0.00	0.33	DPSCF300001	chr21_superscaffold25
5687	5857	8818	8988	171	171	6243218	30091	0.00	0.57	DPSCF300001	chr21_superscaffold34
5919	6368	37668	38186	450	519	6243218	58743	0.01	0.88	DPSCF300001	chr21_superscaffold25
6569	6796	38215	38424	228	210	6243218	58743	0.00	0.36	DPSCF300001	chr21_superscaffold25
10889	11107	11126	11344	219	219	6243218	162105	0.00	0.14	DPSCF300001	chr21_superscaffold3
45888	46019	298109	298234	132	126	6243218	387342	0.00	0.03	DPSCF300001	chr21_superscaffold20
48601	48750	295240	295389	150	150	6243218	387342	0.00	0.04	DPSCF300001	chr21_superscaffold20
49460	49783	293841	294155	324	315	6243218	387342	0.01	0.08	DPSCF300001	chr21_superscaffold20
50272	50397	293161	293286	126	126	6243218	387342	0.00	0.03	DPSCF300001	chr21_superscaffold20
51334	51609	292219	292461	276	243	6243218	387342	0.00	0.06	DPSCF300001	chr21_superscaffold20
52154	52366	289404	289610	213	207	6243218	387342	0.00	0.05	DPSCF300001	chr21_superscaffold20
53926	54030	288424	288528	105	105	6243218	387342	0.00	0.03	DPSCF300001	chr21_superscaffold20
54144	54263	288079	288198	120	120	6243218	387342	0.00	0.03	DPSCF300001	chr21_superscaffold20
54737	54859	285847	285981	123	135	6243218	387342	0.00	0.03	DPSCF300001	chr21_superscaffold20
57304	57486	283966	284154	183	189	6243218	387342	0.00	0.05	DPSCF300001	chr21_superscaffold20
62728	62976	276846	277097	249	252	6243218	387342	0.00	0.07	DPSCF300001	chr21_superscaffold20
63618	63752	273537	273668	135	132	6243218	387342	0.00	0.03	DPSCF300001	chr21_superscaffold20
63688	64095	271253	271576	408	324	6243218	387342	0.01	0.08	DPSCF300001	chr21_superscaffold20
77654	77818	245201	245365	165	165	6243218	387342	0.00	0.04	DPSCF300001	chr21_superscaffold20
77950	78174	244841	245065	225	225	6243218	387342	0.00	0.06	DPSCF300001	chr21_superscaffold20
79567	79713	242318	242464	147	147	6243218	387342	0.00	0.04	DPSCF300001	chr21_superscaffold20
80248	80442	241223	241417	195	195	6243218	387342	0.00	0.05	DPSCF300001	chr21_superscaffold20
80508	80717	240756	240965	210	210	6243218	387342	0.00	0.05	DPSCF300001	chr21_superscaffold20
81153	81383	240195	240428	231	234	6243218	387342	0.00	0.06	DPSCF300001	chr21_superscaffold20
81503	81721	238171	238383	219	213	6243218	387342	0.00	0.05	DPSCF300001	chr21_superscaffold20
81741	81851	237355	237465	111	111	6243218	387342	0.00	0.03	DPSCF300001	chr21_superscaffold20
81866	82102	237102	237320	237	219	6243218	387342	0.00	0.06	DPSCF300001	chr21_superscaffold20
87918	88706	214706	215494	789	789	6243218	387342	0.01	0.20	DPSCF300001	chr21_superscaffold20
118639	119340	159960	160664	702	705	6243218	387342	0.01	0.18	DPSCF300001	chr21_superscaffold20
119694	119861	153075	153245	168	171	6243218	387342	0.00	0.04	DPSCF300001	chr21_superscaffold20
153878	154123	78639	78884	246	246	6243218	387342	0.00	0.06	DPSCF300001	chr21_superscaffold20
154295	154483	78236	78415	189	180	6243218	387342	0.00	0.05	DPSCF300001	chr21_superscaffold20
154575	154727	76296	76448	153	153	6243218	387342	0.00	0.04	DPSCF300001	chr21_superscaffold20
156501	156776	73022	73306	276	285	6243218	387342	0.00	0.07	DPSCF300001	chr21_superscaffold20
165470	165661	49286	49480	192	195	6243218	387342	0.00	0.05	DPSCF300001	chr21_superscaffold20
165849	166043	48858	49052	195	195	6243218	387342	0.00	0.05	DPSCF300001	chr21_superscaffold20
166997	167224	48040	48282	228	243	6243218	387342	0.00	0.06	DPSCF300001	chr21_superscaffold20
167932	168105	46510	46683	174	174	6243218	387342	0.00	0.04	DPSCF300001	chr21_superscaffold20
168013	168144	27762	27893	132	132	6243218	387342	0.00	0.03	DPSCF300001	chr21_superscaffold20
178993	179241	44884	45159	249	276	6243218	90659	0.00	0.30	DPSCF300001	chr21_superscaffold7
179375	179575	45500	45703	201	204	6243218	90659	0.00	0.23	DPSCF300001	chr21_superscaffold7
179746	179955	45723	45956	210	234	6243218	90659	0.00	0.26	DPSCF300001	chr21_superscaffold7
181569	181787	48753	48971	219	219	6243218	90659	0.00	0.24	DPSCF300001	chr21_superscaffold7
182455	182730	50569	50853	276	285	6243218	90659	0.00	0.31	DPSCF300001	chr21_superscaffold7
186330	186716	56464	56853	387	390	6243218	90659	0.01	0.43	DPSCF300001	chr21_superscaffold7
187723	187920	57699	57896	198	198	6243218	90659	0.00	0.22	DPSCF300001	chr21_superscaffold7
188154	188309	58011	58166	156	156	6243218	90659	0.00	0.17	DPSCF300001	chr21_superscaffold7
189365	189757	60135	60524	393	390	6243218	90659	0.01	0.43	DPSCF300001	chr21_superscaffold7
190207	190515	60621	60929	309	309	6243218	90659	0.00	0.34	DPSCF300001	chr21_superscaffold7
191035	191208	61122	61283	174	162	6243218	90659	0.00	0.18	DPSCF300001	chr21_superscaffold7
191251	191491	61650	61899	241	250	6243218	90659	0.00	0.28	DPSCF300001	chr21_superscaffold7
196916	197101	67805	67990	186	186	6243218	90659	0.00	0.21	DPSCF300001	chr21_superscaffold7
197604	197837	68728	68961	234	234	6243218	90659	0.00	0.26	DPSCF300001	chr21_superscaffold7
199788	200009	74650	74868	222	219	6243218	90659	0.00	0.24	DPSCF300001	chr21_superscaffold7
200727	200996	75942	76187	270	246	6243218	90659	0.00	0.27	DPSCF300001	chr21_superscaffold7
203095	203271	81845	82021	177	177	6243218	90659	0.00	0.20	DPSCF300001	chr21_superscaffold7
260357	260686	29651	30031	330	381	6243218	315102	0.01	0.12	DPSCF300001	chr21_superscaffold9
260638	262140	30148	31623	1503	1476	6243218	315102	0.02	0.47	DPSCF300001	chr21_superscaffold9
262334	263307	31874	32847	974	974	6243218	315102	0.02	0.31	DPSCF300001	chr21_superscaffold9
266338	266535	38209	38421	198	213	6243218	315102	0.00	0.07	DPSCF300001	chr21_superscaffold9
267128	267408	39462	39787	281	326	6243218	315102	0.00	0.10	DPSCF300001	chr21_superscaffold9
270016	271086	43182	44297	1071	1116	6243218	315102	0.02	0.35	DPSCF300001	chr21_superscaffold9
273483	273927	49201	49705	445	505	6243218	315102	0.01	0.16	DPSCF300001	chr21_superscaffold9
280257	280475	62884	63111	219	228	6243218	315102	0.00	0.07	DPSCF300001	chr21_superscaffold9
280710	281042	64380	64697	333	318	6243218	315102	0.01	0.10	DPSCF300001	chr21_superscaffold9
310294	310506	148811	148963	213	153	6243218	315102	0.00	0.05	DPSCF300001	chr21_superscaffold9
312702	312878	151859	152041	177	183	6243218	315102	0.00	0.06	DPSCF300001	chr21_superscaffold9
315940	316053	155093	155206	114	114	6243218	315102	0.00	0.04	DPSCF300001	chr21_superscaffold9
316542	316661	156150	156293	120	144	6243218	315102	0.00	0.05	DPSCF300001	chr21_superscaffold9
323287	323487	176759	176959	201	201	6243218	315102	0.00	0.06	DPSCF300001	chr21_superscaffold9
325670	325885	177558	177758	216	201	6243218	315102	0.00	0.06	DPSCF300001	chr21_superscaffold9
329610	330114	185644	186145	505	502	6243218	315102	0.01	0.16	DPSCF300001	chr21_superscaffold9
331778	332116	188308	188682	339	375	6243218	315102	0.01	0.12	DPSCF300001	chr21_superscaffold9
337183	337374	208627	208827	192	201	6243218	315102	0.00	0.06	DPSCF300001	chr21_superscaffold9
338986	339192	216658	216870	207	213	6243218	315102	0.00	0.07	DPSCF300001	chr21_superscaffold9
340947	341078	227696	227827	132	132	6243218	315102	0.00	0.04	DPSCF300001	chr21_superscaffold9
353299	353847	242565	243101	549	537	6243218	315102	0.01	0.17	DPSCF300001	chr21_superscaffold9
353900	354067	243676	243843	168	168	6243218	315102	0.00	0.05	DPSCF300001	chr21_superscaffold9
354320	354619	244171	244470	300	300	6243218	315102	0.00	0.10	DPSCF300001	chr21_superscaffold9
354833	355138	245358	245663	306	306	6243218	315102	0.00	0.10	DPSCF300001	chr21_superscaffold9
357325	357567	256728	256952	243	225	6243218	315102	0.00	0.07	DPSCF300001	chr21_superscaffold9
357701	357799	257451	257549	99	99	6243218	315102	0.00	0.03	DPSCF300001	chr21_superscaffold9
357794	357904	257555	257665	111	111	6243218	315102	0.00	0.04	DPSCF300001	chr21_superscaffold9
358027	358350	258415	258753	324	339	6243218	315102	0.01	0.11	DPSCF300001	chr21_superscaffold9
359701	359880	259957	260142	180	186	6243218	315102	0.00	0.06	DPSCF300001	chr21_superscaffold9
360029	360214	261130	261327	186	198	6243218	315102	0.00	0.06	DPSCF300001	chr21_superscaffold9
361327	361653	263161	263487	327	327	6243218	315102	0.01	0.10	DPSCF300001	chr21_superscaffold9
361828	361935	264825	264935	108	111	6243218	315102	0.00	0.04	DPSCF300001	chr21_superscaffold9
362580	362813	266591	266812	234	222	6243218	315102	0.00	0.07	DPSCF300001	chr21_superscaffold9
366453	367065	274841	275591	613	751	6243218	315102	0.01	0.24	DPSCF300001	chr21_superscaffold9
367108	367260	277181	277327	153	147	6243218	315102	0.00	0.05	DPSCF300001	chr21_superscaffold9
367371	367562	277582	277773	192	192	6243218	315102	0.00	0.06	DPSCF300001	chr21_superscaffold9
372514	372861	291268	291648	348	381	6243218	315102	0.01	0.12	DPSCF300001	chr21_superscaffold9
374456	374656	47729	47929	201	201	6243218	369629	0.00	0.05	DPSCF300001	chr21_superscaffold22
374815	375117	47238	47525	303	288	6243218	369629	0.00	0.08	DPSCF300001	chr21_superscaffold22
375543	375854	46728	47015	312	288	6243218	369629	0.00	0.08	DPSCF300001	chr21_superscaffold22
376056	376232	46370	46552	177	183	6243218	369629	0.00	0.05	DPSCF300001	chr21_superscaffold22
377082	377354	44338	44652	273	315	6243218	369629	0.00	0.09	DPSCF300001	chr21_superscaffold22
382501	382755	18659	18919	255	261	6243218	369629	0.00	0.07	DPSCF300001	chr21_superscaffold22
384416	384574	20140	20307	159	168	6243218	369629	0.00	0.05	DPSCF300001	chr21_superscaffold22
388090	388272	24220	24399	183	180	6243218	369629	0.00	0.05	DPSCF300001	chr21_superscaffold22
390570	390707	12848	12985	138	138	6243218	369629	0.00	0.04	DPSCF300001	chr21_superscaffold22
391021	391173	9876	10028	153	153	6243218	369629	0.00	0.04	DPSCF300001	chr21_superscaffold22
393256	393594	4169	4477	339	309	6243218	369629	0.01	0.08	DPSCF300001	chr21_superscaffold22
486151	486843	370450	371181	693	732	6243218	373389	0.01	0.20	DPSCF300001	chr21_superscaffold10
487052	488041	369481	370476	990	996	6243218	373389	0.02	0.27	DPSCF300001	chr21_superscaffold10
515481	515660	336759	336965	180	207	6243218	373389	0.00	0.06	DPSCF300001	chr21_superscaffold10
527711	527842	315389	315523	132	135	6243218	373389	0.00	0.04	DPSCF300001	chr21_superscaffold10
529381	529725	312591	312935	345	345	6243218	373389	0.01	0.09	DPSCF300001	chr21_superscaffold10
601395	601676	242847	243101	282	255	6243218	373389	0.00	0.07	DPSCF300001	chr21_superscaffold10
612229	612465	232820	233044	237	225	6243218	373389	0.00	0.06	DPSCF300001	chr21_superscaffold10
627043	627234	55895	56095	192	201	6243218	373389	0.00	0.05	DPSCF300001	chr21_superscaffold10
634336	635364	34883	35918	1029	1036	6243218	373389	0.02	0.28	DPSCF300001	chr21_superscaffold10
635431	636225	33805	34617	795	813	6243218	373389	0.01	0.22	DPSCF300001	chr21_superscaffold10
679006	679443	58970	59404	438	435	6243218	200664	0.01	0.22	DPSCF300001	chr21_superscaffold12
684338	684610	66379	66657	273	279	6243218	200664	0.00	0.14	DPSCF300001	chr21_superscaffold12
770714	771040	324270	324587	327	318	6243218	421626	0.01	0.08	DPSCF300001	chr21_superscaffold17
843626	843835	309409	309618	210	210	6243218	315102	0.00	0.07	DPSCF300001	chr21_superscaffold9
845053	845220	308726	308893	168	168	6243218	315102	0.00	0.05	DPSCF300001	chr21_superscaffold9
845831	846061	252447	252686	231	240	6243218	315102	0.00	0.08	DPSCF300001	chr21_superscaffold9
846269	846586	252987	253313	318	327	6243218	315102	0.01	0.10	DPSCF300001	chr21_superscaffold9
847563	847844	304606	304908	282	303	6243218	315102	0.00	0.10	DPSCF300001	chr21_superscaffold9
848940	849098	299774	299941	159	168	6243218	315102	0.00	0.05	DPSCF300001	chr21_superscaffold9
849840	850010	298908	299078	171	171	6243218	315102	0.00	0.05	DPSCF300001	chr21_superscaffold9
850339	850494	298426	298581	156	156	6243218	315102	0.00	0.05	DPSCF300001	chr21_superscaffold9
850587	850748	297305	297466	162	162	6243218	315102	0.00	0.05	DPSCF300001	chr21_superscaffold9
851150	851302	296557	296709	153	153	6243218	315102	0.00	0.05	DPSCF300001	chr21_superscaffold9
860017	860127	59723	59839	111	117	6243218	369629	0.00	0.03	DPSCF300001	chr21_superscaffold22
861968	862249	35713	36036	282	324	6243218	80442	0.00	0.40	DPSCF300001	chr21_superscaffold43
863458	863646	63688	63876	189	189	6243218	369629	0.00	0.05	DPSCF300001	chr21_superscaffold22
880768	880968	78093	78293	201	201	6243218	369629	0.00	0.05	DPSCF300001	chr21_superscaffold22
883100	883294	80347	80550	195	204	6243218	369629	0.00	0.06	DPSCF300001	chr21_superscaffold22
886402	886587	81954	82139	186	186	6243218	369629	0.00	0.05	DPSCF300001	chr21_superscaffold22
886945	887243	82818	83131	299	314	6243218	369629	0.00	0.08	DPSCF300001	chr21_superscaffold22
887705	887866	83802	83963	162	162	6243218	369629	0.00	0.04	DPSCF300001	chr21_superscaffold22
888318	888554	84556	84795	237	240	6243218	369629	0.00	0.06	DPSCF300001	chr21_superscaffold22
890761	890838	94594	94671	78	78	6243218	369629	0.00	0.02	DPSCF300001	chr21_superscaffold22
890874	891137	95784	96053	264	270	6243218	369629	0.00	0.07	DPSCF300001	chr21_superscaffold22
891181	891415	96581	96800	235	220	6243218	369629	0.00	0.06	DPSCF300001	chr21_superscaffold22
893121	893279	106291	106452	159	162	6243218	369629	0.00	0.04	DPSCF300001	chr21_superscaffold22
896291	896485	114233	114427	195	195	6243218	369629	0.00	0.05	DPSCF300001	chr21_superscaffold22
901526	901708	129083	129262	183	180	6243218	369629	0.00	0.05	DPSCF300001	chr21_superscaffold22
902270	902407	132758	132892	138	135	6243218	369629	0.00	0.04	DPSCF300001	chr21_superscaffold22
915036	915278	164119	164361	243	243	6243218	369629	0.00	0.07	DPSCF300001	chr21_superscaffold22
919520	920992	172350	173791	1473	1442	6243218	369629	0.02	0.39	DPSCF300001	chr21_superscaffold22
921039	921245	173802	174011	207	210	6243218	369629	0.00	0.06	DPSCF300001	chr21_superscaffold22
926731	927277	181168	181632	547	465	6243218	369629	0.01	0.13	DPSCF300001	chr21_superscaffold22
935438	936415	203030	203998	978	969	6243218	369629	0.02	0.26	DPSCF300001	chr21_superscaffold22
944468	944677	222197	222406	210	210	6243218	369629	0.00	0.06	DPSCF300001	chr21_superscaffold22
945009	945200	223493	223684	192	192	6243218	369629	0.00	0.05	DPSCF300001	chr21_superscaffold22
945796	945924	224915	225043	129	129	6243218	369629	0.00	0.03	DPSCF300001	chr21_superscaffold22
947894	948064	227824	227994	171	171	6243218	369629	0.00	0.05	DPSCF300001	chr21_superscaffold22
948045	948404	228076	228384	360	309	6243218	369629	0.01	0.08	DPSCF300001	chr21_superscaffold22
949600	949845	229696	229935	246	240	6243218	369629	0.00	0.06	DPSCF300001	chr21_superscaffold22
950550	950663	230969	231082	114	114	6243218	369629	0.00	0.03	DPSCF300001	chr21_superscaffold22
952544	952819	232712	233071	276	360	6243218	369629	0.00	0.10	DPSCF300001	chr21_superscaffold22
952971	953123	233293	233445	153	153	6243218	369629	0.00	0.04	DPSCF300001	chr21_superscaffold22
953468	953638	233695	233871	171	177	6243218	369629	0.00	0.05	DPSCF300001	chr21_superscaffold22
955902	956048	238461	238637	147	177	6243218	369629	0.00	0.05	DPSCF300001	chr21_superscaffold22
962178	962447	260161	260439	270	279	6243218	369629	0.00	0.08	DPSCF300001	chr21_superscaffold22
981118	983280	311964	314126	2163	2163	6243218	369629	0.03	0.59	DPSCF300001	chr21_superscaffold22
988686	988793	325935	326042	108	108	6243218	369629	0.00	0.03	DPSCF300001	chr21_superscaffold22
989232	989384	326999	327142	153	144	6243218	369629	0.00	0.04	DPSCF300001	chr21_superscaffold22
1001831	1001977	349947	350093	147	147	6243218	369629	0.00	0.04	DPSCF300001	chr21_superscaffold22
1002210	1003103	350355	351254	894	900	6243218	369629	0.01	0.24	DPSCF300001	chr21_superscaffold22
1004616	1004951	354174	354545	336	372	6243218	369629	0.01	0.10	DPSCF300001	chr21_superscaffold22
1005048	1005293	354671	354913	246	243	6243218	369629	0.00	0.07	DPSCF300001	chr21_superscaffold22
1006491	1006640	356170	356322	150	153	6243218	369629	0.00	0.04	DPSCF300001	chr21_superscaffold22
1006785	1007092	356870	357192	308	323	6243218	369629	0.00	0.09	DPSCF300001	chr21_superscaffold22
1007677	1007811	357456	357590	135	135	6243218	369629	0.00	0.04	DPSCF300001	chr21_superscaffold22
1009549	1009746	358227	358418	198	192	6243218	369629	0.00	0.05	DPSCF300001	chr21_superscaffold22
1015355	1015456	362299	362406	102	108	6243218	369629	0.00	0.03	DPSCF300001	chr21_superscaffold22
1017140	1017415	364900	365154	276	255	6243218	369629	0.00	0.07	DPSCF300001	chr21_superscaffold22
1017459	1017638	365161	365340	180	180	6243218	369629	0.00	0.05	DPSCF300001	chr21_superscaffold22
1018020	1018232	365768	366028	213	261	6243218	369629	0.00	0.07	DPSCF300001	chr21_superscaffold22
1018990	1019278	366723	366996	289	274	6243218	369629	0.00	0.07	DPSCF300001	chr21_superscaffold22
1019297	1019479	367013	367186	183	174	6243218	369629	0.00	0.05	DPSCF300001	chr21_superscaffold22
1021153	1021320	368687	368842	168	156	6243218	369629	0.00	0.04	DPSCF300001	chr21_superscaffold22
1021367	1021507	369353	369496	141	144	6243218	369629	0.00	0.04	DPSCF300001	chr21_superscaffold22
1021571	1021768	368198	368395	198	198	6243218	369629	0.00	0.05	DPSCF300001	chr21_superscaffold22
1046464	1046961	25974	26474	498	501	6243218	245722	0.01	0.20	DPSCF300001	chr21_superscaffold14
1047224	1047397	27813	27986	174	174	6243218	245722	0.00	0.07	DPSCF300001	chr21_superscaffold14
1047686	1047886	28331	28531	201	201	6243218	245722	0.00	0.08	DPSCF300001	chr21_superscaffold14
1048410	1048707	29993	30281	298	289	6243218	245722	0.00	0.12	DPSCF300001	chr21_superscaffold14
1048970	1049086	31042	31158	117	117	6243218	245722	0.00	0.05	DPSCF300001	chr21_superscaffold14
1049232	1049420	32243	32428	189	186	6243218	245722	0.00	0.08	DPSCF300001	chr21_superscaffold14
1049441	1049740	32702	33010	300	309	6243218	245722	0.00	0.13	DPSCF300001	chr21_superscaffold14
1049731	1050108	35214	35582	378	369	6243218	245722	0.01	0.15	DPSCF300001	chr21_superscaffold14
1050443	1050682	35757	35996	240	240	6243218	245722	0.00	0.10	DPSCF300001	chr21_superscaffold14
1050985	1051224	36179	36418	240	240	6243218	245722	0.00	0.10	DPSCF300001	chr21_superscaffold14
1057372	1057552	50911	51103	181	193	6243218	245722	0.00	0.08	DPSCF300001	chr21_superscaffold14
1059029	1059277	53128	53376	249	249	6243218	245722	0.00	0.10	DPSCF300001	chr21_superscaffold14
1059294	1059728	53401	53838	435	438	6243218	245722	0.01	0.18	DPSCF300001	chr21_superscaffold14
1060319	1060447	54521	54649	129	129	6243218	245722	0.00	0.05	DPSCF300001	chr21_superscaffold14
1060493	1061099	54684	55291	607	608	6243218	245722	0.01	0.25	DPSCF300001	chr21_superscaffold14
1061305	1061557	55559	55817	253	259	6243218	245722	0.00	0.11	DPSCF300001	chr21_superscaffold14
1061560	1061715	55821	55976	156	156	6243218	245722	0.00	0.06	DPSCF300001	chr21_superscaffold14
1061824	1061988	56211	56375	165	165	6243218	245722	0.00	0.07	DPSCF300001	chr21_superscaffold14
1062009	1062314	56458	56754	306	297	6243218	245722	0.00	0.12	DPSCF300001	chr21_superscaffold14
1062278	1062607	57627	57932	330	306	6243218	245722	0.01	0.12	DPSCF300001	chr21_superscaffold14
1062622	1063088	58620	59080	467	461	6243218	245722	0.01	0.19	DPSCF300001	chr21_superscaffold14
1063131	1063733	59112	59756	603	645	6243218	245722	0.01	0.26	DPSCF300001	chr21_superscaffold14
1064483	1064683	60527	60724	201	198	6243218	245722	0.00	0.08	DPSCF300001	chr21_superscaffold14
1064729	1064848	60775	60894	120	120	6243218	245722	0.00	0.05	DPSCF300001	chr21_superscaffold14
1065464	1065769	61610	61903	306	294	6243218	245722	0.00	0.12	DPSCF300001	chr21_superscaffold14
1065924	1066500	62049	62630	577	582	6243218	245722	0.01	0.24	DPSCF300001	chr21_superscaffold14
1066561	1066957	62707	63091	397	385	6243218	245722	0.01	0.16	DPSCF300001	chr21_superscaffold14
1066943	1067380	63093	63551	438	459	6243218	245722	0.01	0.19	DPSCF300001	chr21_superscaffold14
1067384	1067763	63551	63935	380	385	6243218	245722	0.01	0.16	DPSCF300001	chr21_superscaffold14
1068028	1068349	64158	64506	322	349	6243218	245722	0.01	0.14	DPSCF300001	chr21_superscaffold14
1068483	1068692	64647	64856	210	210	6243218	245722	0.00	0.09	DPSCF300001	chr21_superscaffold14
1068741	1068875	64892	65026	135	135	6243218	245722	0.00	0.05	DPSCF300001	chr21_superscaffold14
1068872	1069858	65039	66034	987	996	6243218	245722	0.02	0.41	DPSCF300001	chr21_superscaffold14
1069902	1070162	66121	66351	261	231	6243218	245722	0.00	0.09	DPSCF300001	chr21_superscaffold14
1070280	1070459	66771	66950	180	180	6243218	245722	0.00	0.07	DPSCF300001	chr21_superscaffold14
1080437	1080914	91247	91706	478	460	6243218	245722	0.01	0.19	DPSCF300001	chr21_superscaffold14
1081606	1081881	91966	92241	276	276	6243218	245722	0.00	0.11	DPSCF300001	chr21_superscaffold14
1082706	1082961	92592	92856	256	265	6243218	245722	0.00	0.11	DPSCF300001	chr21_superscaffold14
1086270	1086377	96452	96559	108	108	6243218	245722	0.00	0.04	DPSCF300001	chr21_superscaffold14
1095006	1095245	107769	107996	240	228	6243218	245722	0.00	0.09	DPSCF300001	chr21_superscaffold14
1095406	1095606	108351	108554	201	204	6243218	245722	0.00	0.08	DPSCF300001	chr21_superscaffold14
1095906	1096055	108634	108783	150	150	6243218	245722	0.00	0.06	DPSCF300001	chr21_superscaffold14
1097419	1097607	110473	110661	189	189	6243218	245722	0.00	0.08	DPSCF300001	chr21_superscaffold14
1100017	1100157	114933	115073	141	141	6243218	245722	0.00	0.06	DPSCF300001	chr21_superscaffold14
1100581	1100751	115783	115956	171	174	6243218	245722	0.00	0.07	DPSCF300001	chr21_superscaffold14
1103167	1103535	124128	124502	369	375	6243218	245722	0.01	0.15	DPSCF300001	chr21_superscaffold14
1104773	1105066	126533	126826	294	294	6243218	245722	0.00	0.12	DPSCF300001	chr21_superscaffold14
1105037	1105375	127060	127347	339	288	6243218	245722	0.01	0.12	DPSCF300001	chr21_superscaffold14
1105854	1106261	127684	128109	408	426	6243218	245722	0.01	0.17	DPSCF300001	chr21_superscaffold14
1107863	1108036	148790	148963	174	174	6243218	245722	0.00	0.07	DPSCF300001	chr21_superscaffold14
1108151	1108444	149538	149837	294	300	6243218	245722	0.00	0.12	DPSCF300001	chr21_superscaffold14
1108464	1108649	150353	150550	186	198	6243218	245722	0.00	0.08	DPSCF300001	chr21_superscaffold14
1108944	1109107	150674	150828	164	155	6243218	245722	0.00	0.06	DPSCF300001	chr21_superscaffold14
1109164	1109349	150899	151084	186	186	6243218	245722	0.00	0.08	DPSCF300001	chr21_superscaffold14
1109642	1109874	154579	154856	233	278	6243218	245722	0.00	0.11	DPSCF300001	chr21_superscaffold14
1111668	1111841	155166	155339	174	174	6243218	245722	0.00	0.07	DPSCF300001	chr21_superscaffold14
1112031	1112225	156041	156235	195	195	6243218	245722	0.00	0.08	DPSCF300001	chr21_superscaffold14
1114067	1114198	160067	160198	132	132	6243218	245722	0.00	0.05	DPSCF300001	chr21_superscaffold14
1116312	1116491	164564	164746	180	183	6243218	245722	0.00	0.07	DPSCF300001	chr21_superscaffold14
1119633	1119860	168164	168394	228	231	6243218	245722	0.00	0.09	DPSCF300001	chr21_superscaffold14
1120942	1121219	172144	172388	278	245	6243218	245722	0.00	0.10	DPSCF300001	chr21_superscaffold14
1121316	1121748	172507	172942	433	436	6243218	245722	0.01	0.18	DPSCF300001	chr21_superscaffold14
1121768	1121881	172951	173064	114	114	6243218	245722	0.00	0.05	DPSCF300001	chr21_superscaffold14
1122439	1122960	173554	174075	522	522	6243218	245722	0.01	0.21	DPSCF300001	chr21_superscaffold14
1124395	1124604	175149	175355	210	207	6243218	245722	0.00	0.08	DPSCF300001	chr21_superscaffold14
1124711	1125068	175543	175855	358	313	6243218	245722	0.01	0.13	DPSCF300001	chr21_superscaffold14
1126069	1126311	176173	176430	243	258	6243218	245722	0.00	0.10	DPSCF300001	chr21_superscaffold14
1126422	1126643	176755	176994	222	240	6243218	245722	0.00	0.10	DPSCF300001	chr21_superscaffold14
1126707	1126874	177411	177578	168	168	6243218	245722	0.00	0.07	DPSCF300001	chr21_superscaffold14
1126938	1127090	177931	178101	153	171	6243218	245722	0.00	0.07	DPSCF300001	chr21_superscaffold14
1127787	1127924	181254	181391	138	138	6243218	245722	0.00	0.06	DPSCF300001	chr21_superscaffold14
1128926	1129204	182761	183051	279	291	6243218	245722	0.00	0.12	DPSCF300001	chr21_superscaffold14
1131875	1132150	196138	196413	276	276	6243218	245722	0.00	0.11	DPSCF300001	chr21_superscaffold14
1133950	1134153	196912	197115	204	204	6243218	245722	0.00	0.08	DPSCF300001	chr21_superscaffold14
1134986	1135150	197451	197615	165	165	6243218	245722	0.00	0.07	DPSCF300001	chr21_superscaffold14
1135630	1135854	197823	198047	225	225	6243218	245722	0.00	0.09	DPSCF300001	chr21_superscaffold14
1137071	1137295	198211	198453	225	243	6243218	245722	0.00	0.10	DPSCF300001	chr21_superscaffold14
1137390	1137952	198547	199124	563	578	6243218	245722	0.01	0.24	DPSCF300001	chr21_superscaffold14
1138002	1138229	199867	200088	228	222	6243218	245722	0.00	0.09	DPSCF300001	chr21_superscaffold14
1139138	1139443	200486	200797	306	312	6243218	245722	0.00	0.13	DPSCF300001	chr21_superscaffold14
1139442	1139732	200968	201258	291	291	6243218	245722	0.00	0.12	DPSCF300001	chr21_superscaffold14
1139852	1140046	202630	202836	195	207	6243218	245722	0.00	0.08	DPSCF300001	chr21_superscaffold14
1140048	1140257	203017	203223	210	207	6243218	245722	0.00	0.08	DPSCF300001	chr21_superscaffold14
1140392	1140679	203730	203996	288	267	6243218	245722	0.00	0.11	DPSCF300001	chr21_superscaffold14
1140977	1141189	204532	204765	213	234	6243218	245722	0.00	0.10	DPSCF300001	chr21_superscaffold14
1141257	1141415	204911	205069	159	159	6243218	245722	0.00	0.06	DPSCF300001	chr21_superscaffold14
1141509	1141748	205611	205850	240	240	6243218	245722	0.00	0.10	DPSCF300001	chr21_superscaffold14
1142048	1142302	206129	206383	255	255	6243218	245722	0.00	0.10	DPSCF300001	chr21_superscaffold14
1142592	1142783	206710	206898	192	189	6243218	245722	0.00	0.08	DPSCF300001	chr21_superscaffold14
1143594	1143963	207447	207780	370	334	6243218	245722	0.01	0.14	DPSCF300001	chr21_superscaffold14
1144368	1144579	208859	209079	212	221	6243218	245722	0.00	0.09	DPSCF300001	chr21_superscaffold14
1144701	1144790	209614	209703	90	90	6243218	245722	0.00	0.04	DPSCF300001	chr21_superscaffold14
1148392	1148592	215313	215543	201	231	6243218	245722	0.00	0.09	DPSCF300001	chr21_superscaffold14
1148665	1149979	215611	216922	1315	1312	6243218	245722	0.02	0.53	DPSCF300001	chr21_superscaffold14
1150415	1150825	217374	217826	411	453	6243218	245722	0.01	0.18	DPSCF300001	chr21_superscaffold14
1152521	1152799	223273	223554	279	282	6243218	245722	0.00	0.11	DPSCF300001	chr21_superscaffold14
1152831	1153109	223627	223890	279	264	6243218	245722	0.00	0.11	DPSCF300001	chr21_superscaffold14
1154615	1155562	225979	226947	948	969	6243218	245722	0.02	0.39	DPSCF300001	chr21_superscaffold14
1155981	1156121	227976	228122	141	147	6243218	245722	0.00	0.06	DPSCF300001	chr21_superscaffold14
1156176	1156295	228224	228343	120	120	6243218	245722	0.00	0.05	DPSCF300001	chr21_superscaffold14
1209364	1209627	549	818	264	270	6243218	308123	0.00	0.09	DPSCF300001	chr21_superscaffold19
1209887	1210068	1067	1263	182	197	6243218	308123	0.00	0.06	DPSCF300001	chr21_superscaffold19
1210317	1210955	1577	2207	639	631	6243218	308123	0.01	0.20	DPSCF300001	chr21_superscaffold19
1214689	1214959	9281	9566	271	286	6243218	308123	0.00	0.09	DPSCF300001	chr21_superscaffold19
1215619	1216369	10217	10951	751	735	6243218	308123	0.01	0.24	DPSCF300001	chr21_superscaffold19
1216469	1216600	11254	11385	132	132	6243218	308123	0.00	0.04	DPSCF300001	chr21_superscaffold19
1217289	1217420	13235	13378	132	144	6243218	308123	0.00	0.05	DPSCF300001	chr21_superscaffold19
1218371	1218549	15015	15187	179	173	6243218	308123	0.00	0.06	DPSCF300001	chr21_superscaffold19
1219343	1219617	15689	15963	275	275	6243218	308123	0.00	0.09	DPSCF300001	chr21_superscaffold19
1220054	1220179	17134	17256	126	123	6243218	308123	0.00	0.04	DPSCF300001	chr21_superscaffold19
1220579	1220803	17461	17685	225	225	6243218	308123	0.00	0.07	DPSCF300001	chr21_superscaffold19
1223985	1224274	24280	24527	290	248	6243218	308123	0.00	0.08	DPSCF300001	chr21_superscaffold19
1225036	1225517	26832	27316	482	485	6243218	308123	0.01	0.16	DPSCF300001	chr21_superscaffold19
1225935	1226090	27762	27911	156	150	6243218	308123	0.00	0.05	DPSCF300001	chr21_superscaffold19
1226533	1226734	28391	28598	202	208	6243218	308123	0.00	0.07	DPSCF300001	chr21_superscaffold19
1228785	1229169	36142	36535	385	394	6243218	308123	0.01	0.13	DPSCF300001	chr21_superscaffold19
1231883	1232117	47122	47338	235	217	6243218	308123	0.00	0.07	DPSCF300001	chr21_superscaffold19
1235350	1235573	52046	52287	224	242	6243218	308123	0.00	0.08	DPSCF300001	chr21_superscaffold19
1236125	1236274	52630	52776	150	147	6243218	308123	0.00	0.05	DPSCF300001	chr21_superscaffold19
1237470	1237667	54901	55086	198	186	6243218	308123	0.00	0.06	DPSCF300001	chr21_superscaffold19
1246123	1246320	75638	75844	198	207	6243218	308123	0.00	0.07	DPSCF300001	chr21_superscaffold19
1248207	1248862	79190	79842	656	653	6243218	308123	0.01	0.21	DPSCF300001	chr21_superscaffold19
1252101	1252506	86962	87370	406	409	6243218	308123	0.01	0.13	DPSCF300001	chr21_superscaffold19
1253091	1253333	88027	88266	243	240	6243218	308123	0.00	0.08	DPSCF300001	chr21_superscaffold19
1254509	1254673	89547	89711	165	165	6243218	308123	0.00	0.05	DPSCF300001	chr21_superscaffold19
1260924	1261214	104341	104613	291	273	6243218	308123	0.00	0.09	DPSCF300001	chr21_superscaffold19
1279899	1280084	149854	150042	186	189	6243218	308123	0.00	0.06	DPSCF300001	chr21_superscaffold19
1281540	1281667	155141	155277	128	137	6243218	308123	0.00	0.04	DPSCF300001	chr21_superscaffold19
1303271	1303504	200565	200798	234	234	6243218	308123	0.00	0.08	DPSCF300001	chr21_superscaffold19
1310228	1310564	217126	217489	337	364	6243218	308123	0.01	0.12	DPSCF300001	chr21_superscaffold19
1311991	1312354	218065	218413	364	349	6243218	308123	0.01	0.11	DPSCF300001	chr21_superscaffold19
1313636	1313821	223118	223291	186	174	6243218	308123	0.00	0.06	DPSCF300001	chr21_superscaffold19
1315170	1315520	227205	227597	351	393	6243218	308123	0.01	0.13	DPSCF300001	chr21_superscaffold19
1327339	1328889	254880	256439	1551	1560	6243218	308123	0.02	0.51	DPSCF300001	chr21_superscaffold19
1333243	1333747	269478	269985	505	508	6243218	308123	0.01	0.16	DPSCF300001	chr21_superscaffold19
1334668	1335654	270971	271958	987	988	6243218	308123	0.02	0.32	DPSCF300001	chr21_superscaffold19
1339160	1339297	281894	282043	138	150	6243218	308123	0.00	0.05	DPSCF300001	chr21_superscaffold19
1339609	1339815	282806	283012	207	207	6243218	308123	0.00	0.07	DPSCF300001	chr21_superscaffold19
1339912	1340125	283376	283589	214	214	6243218	308123	0.00	0.07	DPSCF300001	chr21_superscaffold19
1340701	1341033	284924	285247	333	324	6243218	308123	0.01	0.11	DPSCF300001	chr21_superscaffold19
1342488	1346962	286000	290534	4475	4535	6243218	308123	0.07	1.47	DPSCF300001	chr21_superscaffold19
1388339	1388560	421	642	222	222	6243218	387342	0.00	0.06	DPSCF300001	chr21_superscaffold20
1402106	1402267	3541	3702	162	162	6243218	387342	0.00	0.04	DPSCF300001	chr21_superscaffold20
1402447	1402608	3879	4019	162	141	6243218	387342	0.00	0.04	DPSCF300001	chr21_superscaffold20
1402806	1402976	4372	4542	171	171	6243218	387342	0.00	0.04	DPSCF300001	chr21_superscaffold20
1404150	1404362	5083	5295	213	213	6243218	387342	0.00	0.05	DPSCF300001	chr21_superscaffold20
1405248	1405361	8727	8840	114	114	6243218	387342	0.00	0.03	DPSCF300001	chr21_superscaffold20
1407825	1408065	13194	13437	241	244	6243218	387342	0.00	0.06	DPSCF300001	chr21_superscaffold20
1416789	1416950	29620	29769	162	150	6243218	387342	0.00	0.04	DPSCF300001	chr21_superscaffold20
1417046	1417294	30134	30382	249	249	6243218	387342	0.00	0.06	DPSCF300001	chr21_superscaffold20
1418213	1418494	33600	33869	282	270	6243218	387342	0.00	0.07	DPSCF300001	chr21_superscaffold20
1419173	1419362	34130	34319	190	190	6243218	387342	0.00	0.05	DPSCF300001	chr21_superscaffold20
1440580	1440957	30414	30812	378	399	6243218	90659	0.01	0.44	DPSCF300001	chr21_superscaffold7
1441382	1441534	30010	30162	153	153	6243218	90659	0.00	0.17	DPSCF300001	chr21_superscaffold7
1441642	1441902	29322	29567	261	246	6243218	90659	0.00	0.27	DPSCF300001	chr21_superscaffold7
1442425	1442670	28626	28892	246	267	6243218	90659	0.00	0.29	DPSCF300001	chr21_superscaffold7
1443498	1443743	27337	27573	246	237	6243218	90659	0.00	0.26	DPSCF300001	chr21_superscaffold7
1443824	1447009	23818	27079	3186	3262	6243218	90659	0.05	3.60	DPSCF300001	chr21_superscaffold7
1458941	1459129	12206	12391	189	186	6243218	90659	0.00	0.21	DPSCF300001	chr21_superscaffold7
1459168	1459305	11713	11850	138	138	6243218	90659	0.00	0.15	DPSCF300001	chr21_superscaffold7
1459978	1460127	10391	10540	150	150	6243218	90659	0.00	0.17	DPSCF300001	chr21_superscaffold7
1469016	1469156	7257	7397	141	141	6243218	8544	0.00	1.65	DPSCF300001	chr21_superscaffold29
1469510	1469704	8338	8532	195	195	6243218	8544	0.00	2.28	DPSCF300001	chr21_superscaffold29
1482070	1482330	15159	15434	261	276	6243218	23614	0.00	1.17	DPSCF300001	chr21_superscaffold32
1483512	1483778	14634	14870	267	237	6243218	23614	0.00	1.00	DPSCF300001	chr21_superscaffold32
1483893	1484132	13862	14080	240	219	6243218	23614	0.00	0.93	DPSCF300001	chr21_superscaffold32
1485200	1485355	13487	13642	156	156	6243218	23614	0.00	0.66	DPSCF300001	chr21_superscaffold32
1486842	1487054	11447	11668	213	222	6243218	23614	0.00	0.94	DPSCF300001	chr21_superscaffold32
1487309	1487416	9550	9657	108	108	6243218	23614	0.00	0.46	DPSCF300001	chr21_superscaffold32
1487815	1487937	8863	8979	123	117	6243218	23614	0.00	0.50	DPSCF300001	chr21_superscaffold32
1488460	1488576	7918	8037	117	120	6243218	23614	0.00	0.51	DPSCF300001	chr21_superscaffold32
1491733	1491873	2248	2376	141	129	6243218	23614	0.00	0.55	DPSCF300001	chr21_superscaffold32
1534091	1534258	27	197	168	171	6243218	603469	0.00	0.03	DPSCF300001	chr21_superscaffold13
1534232	1534468	974	1180	237	207	6243218	603469	0.00	0.03	DPSCF300001	chr21_superscaffold13
1534570	1534812	1660	1905	243	246	6243218	603469	0.00	0.04	DPSCF300001	chr21_superscaffold13
1534908	1535192	2283	2543	285	261	6243218	603469	0.00	0.04	DPSCF300001	chr21_superscaffold13
1535432	1535737	3457	3735	306	279	6243218	603469	0.00	0.05	DPSCF300001	chr21_superscaffold13
1536093	1536236	4834	4977	144	144	6243218	603469	0.00	0.02	DPSCF300001	chr21_superscaffold13
1536368	1536730	5134	5508	363	375	6243218	603469	0.01	0.06	DPSCF300001	chr21_superscaffold13
1536796	1537089	5602	5895	294	294	6243218	603469	0.00	0.05	DPSCF300001	chr21_superscaffold13
1541814	1541975	10532	10690	162	159	6243218	603469	0.00	0.03	DPSCF300001	chr21_superscaffold13
1544223	1544372	16997	17158	150	162	6243218	603469	0.00	0.03	DPSCF300001	chr21_superscaffold13
1545515	1545688	22090	22263	174	174	6243218	603469	0.00	0.03	DPSCF300001	chr21_superscaffold13
1555038	1555252	42999	43225	215	227	6243218	603469	0.00	0.04	DPSCF300001	chr21_superscaffold13
1558658	1558882	52919	53143	225	225	6243218	603469	0.00	0.04	DPSCF300001	chr21_superscaffold13
1559182	1559301	53666	53785	120	120	6243218	603469	0.00	0.02	DPSCF300001	chr21_superscaffold13
1559753	1559925	54697	54848	173	152	6243218	603469	0.00	0.03	DPSCF300001	chr21_superscaffold13
1559976	1560356	56501	56797	381	297	6243218	603469	0.01	0.05	DPSCF300001	chr21_superscaffold13
1560677	1560838	58597	58758	162	162	6243218	603469	0.00	0.03	DPSCF300001	chr21_superscaffold13
1561178	1561282	59577	59681	105	105	6243218	603469	0.00	0.02	DPSCF300001	chr21_superscaffold13
1561488	1561655	60668	60841	168	174	6243218	603469	0.00	0.03	DPSCF300001	chr21_superscaffold13
1561927	1562094	63254	63421	168	168	6243218	603469	0.00	0.03	DPSCF300001	chr21_superscaffold13
1562598	1562792	64383	64577	195	195	6243218	603469	0.00	0.03	DPSCF300001	chr21_superscaffold13
1563424	1563951	66441	66968	528	528	6243218	603469	0.01	0.09	DPSCF300001	chr21_superscaffold13
1565202	1565393	75001	75192	192	192	6243218	603469	0.00	0.03	DPSCF300001	chr21_superscaffold13
1565728	1565871	75752	75895	144	144	6243218	603469	0.00	0.02	DPSCF300001	chr21_superscaffold13
1566139	1566299	76662	76822	161	161	6243218	603469	0.00	0.03	DPSCF300001	chr21_superscaffold13
1566580	1566672	77437	77529	93	93	6243218	603469	0.00	0.02	DPSCF300001	chr21_superscaffold13
1570653	1570937	88134	88427	285	294	6243218	603469	0.00	0.05	DPSCF300001	chr21_superscaffold13
1571728	1572009	92306	92596	282	291	6243218	603469	0.00	0.05	DPSCF300001	chr21_superscaffold13
1577722	1577943	108460	108693	222	234	6243218	603469	0.00	0.04	DPSCF300001	chr21_superscaffold13
1598718	1599164	141629	142072	447	444	6243218	603469	0.01	0.07	DPSCF300001	chr21_superscaffold13
1599496	1599675	142829	143008	180	180	6243218	603469	0.00	0.03	DPSCF300001	chr21_superscaffold13
1600301	1600623	143923	144242	323	320	6243218	603469	0.01	0.05	DPSCF300001	chr21_superscaffold13
1600677	1601015	144267	144593	339	327	6243218	603469	0.01	0.05	DPSCF300001	chr21_superscaffold13
1601043	1601167	145786	145913	125	128	6243218	603469	0.00	0.02	DPSCF300001	chr21_superscaffold13
1601219	1601698	146148	146649	480	502	6243218	603469	0.01	0.08	DPSCF300001	chr21_superscaffold13
1601714	1602007	146893	147204	294	312	6243218	603469	0.00	0.05	DPSCF300001	chr21_superscaffold13
1601972	1602181	147480	147698	210	219	6243218	603469	0.00	0.04	DPSCF300001	chr21_superscaffold13
1602536	1602676	148257	148403	141	147	6243218	603469	0.00	0.02	DPSCF300001	chr21_superscaffold13
1603077	1603343	148484	148750	267	267	6243218	603469	0.00	0.04	DPSCF300001	chr21_superscaffold13
1603515	1603712	148999	149196	198	198	6243218	603469	0.00	0.03	DPSCF300001	chr21_superscaffold13
1605170	1605370	152398	152598	201	201	6243218	603469	0.00	0.03	DPSCF300001	chr21_superscaffold13
1605577	1605708	153405	153536	132	132	6243218	603469	0.00	0.02	DPSCF300001	chr21_superscaffold13
1606101	1606283	154115	154294	183	180	6243218	603469	0.00	0.03	DPSCF300001	chr21_superscaffold13
1606360	1606524	154747	154911	165	165	6243218	603469	0.00	0.03	DPSCF300001	chr21_superscaffold13
1606735	1606959	155236	155466	225	231	6243218	603469	0.00	0.04	DPSCF300001	chr21_superscaffold13
1609540	1609677	173399	173536	138	138	6243218	603469	0.00	0.02	DPSCF300001	chr21_superscaffold13
1610568	1610786	175788	176012	219	225	6243218	603469	0.00	0.04	DPSCF300001	chr21_superscaffold13
1612757	1612930	178941	179120	174	180	6243218	603469	0.00	0.03	DPSCF300001	chr21_superscaffold13
1616721	1617014	186245	186553	294	309	6243218	603469	0.00	0.05	DPSCF300001	chr21_superscaffold13
1617501	1617692	186863	187054	192	192	6243218	603469	0.00	0.03	DPSCF300001	chr21_superscaffold13
1618628	1618921	188930	189223	294	294	6243218	603469	0.00	0.05	DPSCF300001	chr21_superscaffold13
1619055	1619258	189927	190127	204	201	6243218	603469	0.00	0.03	DPSCF300001	chr21_superscaffold13
1619560	1619697	191557	191694	138	138	6243218	603469	0.00	0.02	DPSCF300001	chr21_superscaffold13
1620018	1620426	194861	195260	409	400	6243218	603469	0.01	0.07	DPSCF300001	chr21_superscaffold13
1620581	1620814	196603	196818	234	216	6243218	603469	0.00	0.04	DPSCF300001	chr21_superscaffold13
1637617	1638132	218671	219216	516	546	6243218	603469	0.01	0.09	DPSCF300001	chr21_superscaffold13
1638295	1638459	219283	219447	165	165	6243218	603469	0.00	0.03	DPSCF300001	chr21_superscaffold13
1657062	1657227	261907	262078	166	172	6243218	603469	0.00	0.03	DPSCF300001	chr21_superscaffold13
1668596	1668793	281325	281522	198	198	6243218	603469	0.00	0.03	DPSCF300001	chr21_superscaffold13
1668970	1669149	281943	282113	180	171	6243218	603469	0.00	0.03	DPSCF300001	chr21_superscaffold13
1669842	1669979	283115	283252	138	138	6243218	603469	0.00	0.02	DPSCF300001	chr21_superscaffold13
1670050	1670153	284369	284472	104	104	6243218	603469	0.00	0.02	DPSCF300001	chr21_superscaffold13
1671399	1671982	288525	289141	584	617	6243218	603469	0.01	0.10	DPSCF300001	chr21_superscaffold13
1672060	1672197	289205	289342	138	138	6243218	603469	0.00	0.02	DPSCF300001	chr21_superscaffold13
1673242	1673502	291660	291926	261	267	6243218	603469	0.00	0.04	DPSCF300001	chr21_superscaffold13
1674083	1674341	292230	292485	259	256	6243218	603469	0.00	0.04	DPSCF300001	chr21_superscaffold13
1677137	1677526	296591	296980	390	390	6243218	603469	0.01	0.06	DPSCF300001	chr21_superscaffold13
1677482	1677664	297514	297693	183	180	6243218	603469	0.00	0.03	DPSCF300001	chr21_superscaffold13
1677857	1678102	298859	299104	246	246	6243218	603469	0.00	0.04	DPSCF300001	chr21_superscaffold13
1678168	1678356	299925	300113	189	189	6243218	603469	0.00	0.03	DPSCF300001	chr21_superscaffold13
1679026	1679376	301449	301799	351	351	6243218	603469	0.01	0.06	DPSCF300001	chr21_superscaffold13
1679441	1679725	302055	302387	285	333	6243218	603469	0.00	0.06	DPSCF300001	chr21_superscaffold13
1679950	1680201	302391	302618	252	228	6243218	603469	0.00	0.04	DPSCF300001	chr21_superscaffold13
1681635	1681847	305517	305717	213	201	6243218	603469	0.00	0.03	DPSCF300001	chr21_superscaffold13
1682061	1682192	306338	306472	132	135	6243218	603469	0.00	0.02	DPSCF300001	chr21_superscaffold13
1682296	1682451	306958	307113	156	156	6243218	603469	0.00	0.03	DPSCF300001	chr21_superscaffold13
1685715	1686056	311433	311768	342	336	6243218	603469	0.01	0.06	DPSCF300001	chr21_superscaffold13
1687909	1688163	312835	313068	255	234	6243218	603469	0.00	0.04	DPSCF300001	chr21_superscaffold13
1688552	1688774	315293	315515	223	223	6243218	603469	0.00	0.04	DPSCF300001	chr21_superscaffold13
1688816	1689019	316145	316348	204	204	6243218	603469	0.00	0.03	DPSCF300001	chr21_superscaffold13
1689127	1689279	317086	317238	153	153	6243218	603469	0.00	0.03	DPSCF300001	chr21_superscaffold13
1689445	1689621	318866	319042	177	177	6243218	603469	0.00	0.03	DPSCF300001	chr21_superscaffold13
1690466	1690675	320251	320460	210	210	6243218	603469	0.00	0.03	DPSCF300001	chr21_superscaffold13
1691379	1691762	322922	323326	384	405	6243218	603469	0.01	0.07	DPSCF300001	chr21_superscaffold13
1691765	1692040	323387	323668	276	282	6243218	603469	0.00	0.05	DPSCF300001	chr21_superscaffold13
1692978	1693140	325929	326088	163	160	6243218	603469	0.00	0.03	DPSCF300001	chr21_superscaffold13
1694361	1694582	326544	326780	222	237	6243218	603469	0.00	0.04	DPSCF300001	chr21_superscaffold13
1706317	1706502	356893	357084	186	192	6243218	603469	0.00	0.03	DPSCF300001	chr21_superscaffold13
1714369	1714665	376868	377182	297	315	6243218	603469	0.00	0.05	DPSCF300001	chr21_superscaffold13
1716402	1716818	381730	382143	417	414	6243218	603469	0.01	0.07	DPSCF300001	chr21_superscaffold13
1716857	1717117	382353	382613	261	261	6243218	603469	0.00	0.04	DPSCF300001	chr21_superscaffold13
1717335	1717475	384997	385137	141	141	6243218	603469	0.00	0.02	DPSCF300001	chr21_superscaffold13
1725134	1725319	385848	386033	186	186	6243218	603469	0.00	0.03	DPSCF300001	chr21_superscaffold13
1725705	1725947	386266	386508	243	243	6243218	603469	0.00	0.04	DPSCF300001	chr21_superscaffold13
1726247	1726474	386901	387128	228	228	6243218	603469	0.00	0.04	DPSCF300001	chr21_superscaffold13
1731310	1731411	390157	390258	102	102	6243218	603469	0.00	0.02	DPSCF300001	chr21_superscaffold13
1731574	1731753	391768	391938	180	171	6243218	603469	0.00	0.03	DPSCF300001	chr21_superscaffold13
1732566	1732763	392923	393117	198	195	6243218	603469	0.00	0.03	DPSCF300001	chr21_superscaffold13
1734473	1734721	396247	396498	249	252	6243218	603469	0.00	0.04	DPSCF300001	chr21_superscaffold13
1735109	1735396	396930	397214	288	285	6243218	603469	0.00	0.05	DPSCF300001	chr21_superscaffold13
1735956	1736165	397851	398075	210	225	6243218	603469	0.00	0.04	DPSCF300001	chr21_superscaffold13
1742199	1742483	408661	408948	285	288	6243218	603469	0.00	0.05	DPSCF300001	chr21_superscaffold13
1742823	1742984	409130	409288	162	159	6243218	603469	0.00	0.03	DPSCF300001	chr21_superscaffold13
1743691	1743852	410389	410550	162	162	6243218	603469	0.00	0.03	DPSCF300001	chr21_superscaffold13
1744049	1744340	410896	411223	292	328	6243218	603469	0.00	0.05	DPSCF300001	chr21_superscaffold13
1744836	1745177	412143	412517	342	375	6243218	603469	0.01	0.06	DPSCF300001	chr21_superscaffold13
1745245	1745430	412941	413126	186	186	6243218	603469	0.00	0.03	DPSCF300001	chr21_superscaffold13
1758566	1758709	433726	433869	144	144	6243218	603469	0.00	0.02	DPSCF300001	chr21_superscaffold13
1759287	1759430	434824	434967	144	144	6243218	603469	0.00	0.02	DPSCF300001	chr21_superscaffold13
1759754	1760000	435842	436088	247	247	6243218	603469	0.00	0.04	DPSCF300001	chr21_superscaffold13
1760474	1760677	436897	437100	204	204	6243218	603469	0.00	0.03	DPSCF300001	chr21_superscaffold13
1762790	1763026	438120	438356	237	237	6243218	603469	0.00	0.04	DPSCF300001	chr21_superscaffold13
1766114	1766281	445295	445459	168	165	6243218	603469	0.00	0.03	DPSCF300001	chr21_superscaffold13
1771840	1772046	458221	458427	207	207	6243218	603469	0.00	0.03	DPSCF300001	chr21_superscaffold13
1772331	1772633	458880	459173	303	294	6243218	603469	0.00	0.05	DPSCF300001	chr21_superscaffold13
1773323	1773582	459729	459988	260	260	6243218	603469	0.00	0.04	DPSCF300001	chr21_superscaffold13
1776224	1776394	470473	470643	171	171	6243218	603469	0.00	0.03	DPSCF300001	chr21_superscaffold13
1776619	1776819	470842	471042	201	201	6243218	603469	0.00	0.03	DPSCF300001	chr21_superscaffold13
1778849	1779067	471190	471402	219	213	6243218	603469	0.00	0.04	DPSCF300001	chr21_superscaffold13
1779192	1779389	472246	472452	198	207	6243218	603469	0.00	0.03	DPSCF300001	chr21_superscaffold13
1782908	1783108	477700	477888	201	189	6243218	603469	0.00	0.03	DPSCF300001	chr21_superscaffold13
1784334	1784531	478911	479102	198	192	6243218	603469	0.00	0.03	DPSCF300001	chr21_superscaffold13
1784829	1785690	479209	480097	862	889	6243218	603469	0.01	0.15	DPSCF300001	chr21_superscaffold13
1792321	1792479	491710	491859	159	150	6243218	603469	0.00	0.02	DPSCF300001	chr21_superscaffold13
1792542	1792727	493016	493192	186	177	6243218	603469	0.00	0.03	DPSCF300001	chr21_superscaffold13
1792868	1793032	493519	493683	165	165	6243218	603469	0.00	0.03	DPSCF300001	chr21_superscaffold13
1794009	1794248	496137	496382	240	246	6243218	603469	0.00	0.04	DPSCF300001	chr21_superscaffold13
1796325	1796561	500213	500452	237	240	6243218	603469	0.00	0.04	DPSCF300001	chr21_superscaffold13
1796721	1796936	500663	500878	216	216	6243218	603469	0.00	0.04	DPSCF300001	chr21_superscaffold13
1797005	1797220	501159	501374	216	216	6243218	603469	0.00	0.04	DPSCF300001	chr21_superscaffold13
1797230	1797928	501391	502077	699	687	6243218	603469	0.01	0.11	DPSCF300001	chr21_superscaffold13
1798375	1798995	502419	503021	621	603	6243218	603469	0.01	0.10	DPSCF300001	chr21_superscaffold13
1799234	1799470	503520	503765	237	246	6243218	603469	0.00	0.04	DPSCF300001	chr21_superscaffold13
1801155	1801361	505835	506023	207	189	6243218	603469	0.00	0.03	DPSCF300001	chr21_superscaffold13
1803165	1803281	509494	509610	117	117	6243218	603469	0.00	0.02	DPSCF300001	chr21_superscaffold13
1803890	1804168	510570	510842	279	273	6243218	603469	0.00	0.05	DPSCF300001	chr21_superscaffold13
1808355	1808573	516719	516937	219	219	6243218	603469	0.00	0.04	DPSCF300001	chr21_superscaffold13
1809016	1809222	518147	518353	207	207	6243218	603469	0.00	0.03	DPSCF300001	chr21_superscaffold13
1809832	1810014	519308	519487	183	180	6243218	603469	0.00	0.03	DPSCF300001	chr21_superscaffold13
1810015	1810254	519483	519749	240	267	6243218	603469	0.00	0.04	DPSCF300001	chr21_superscaffold13
1810353	1810466	519805	519918	114	114	6243218	603469	0.00	0.02	DPSCF300001	chr21_superscaffold13
1813230	1813385	523445	523576	156	132	6243218	603469	0.00	0.02	DPSCF300001	chr21_superscaffold13
1813589	1813825	523598	523858	237	261	6243218	603469	0.00	0.04	DPSCF300001	chr21_superscaffold13
1815776	1815934	526605	526763	159	159	6243218	603469	0.00	0.03	DPSCF300001	chr21_superscaffold13
1816038	1816238	526829	527029	201	201	6243218	603469	0.00	0.03	DPSCF300001	chr21_superscaffold13
1816255	1816431	527014	527199	177	186	6243218	603469	0.00	0.03	DPSCF300001	chr21_superscaffold13
1818128	1818361	529033	529266	234	234	6243218	603469	0.00	0.04	DPSCF300001	chr21_superscaffold13
1818485	1818952	529594	530052	468	459	6243218	603469	0.01	0.08	DPSCF300001	chr21_superscaffold13
1819168	1820520	530063	531409	1353	1347	6243218	603469	0.02	0.22	DPSCF300001	chr21_superscaffold13
1820681	1821106	531455	531880	426	426	6243218	603469	0.01	0.07	DPSCF300001	chr21_superscaffold13
1821157	1821777	532516	533094	621	579	6243218	603469	0.01	0.10	DPSCF300001	chr21_superscaffold13
1823024	1823164	533273	533410	141	138	6243218	603469	0.00	0.02	DPSCF300001	chr21_superscaffold13
1823833	1824063	535072	535302	231	231	6243218	603469	0.00	0.04	DPSCF300001	chr21_superscaffold13
1824064	1825164	535287	536399	1101	1113	6243218	603469	0.02	0.18	DPSCF300001	chr21_superscaffold13
1825973	1826560	537135	537719	588	585	6243218	603469	0.01	0.10	DPSCF300001	chr21_superscaffold13
1827445	1827537	539556	539648	93	93	6243218	603469	0.00	0.02	DPSCF300001	chr21_superscaffold13
1827656	1827859	541721	541924	204	204	6243218	603469	0.00	0.03	DPSCF300001	chr21_superscaffold13
1828818	1828985	543683	543853	168	171	6243218	603469	0.00	0.03	DPSCF300001	chr21_superscaffold13
1830569	1830796	546129	546344	228	216	6243218	603469	0.00	0.04	DPSCF300001	chr21_superscaffold13
1831938	1832090	549678	549830	153	153	6243218	603469	0.00	0.03	DPSCF300001	chr21_superscaffold13
1832363	1832641	551145	551417	279	273	6243218	603469	0.00	0.05	DPSCF300001	chr21_superscaffold13
1833609	1833812	554208	554411	204	204	6243218	603469	0.00	0.03	DPSCF300001	chr21_superscaffold13
1833880	1833996	554870	554986	117	117	6243218	603469	0.00	0.02	DPSCF300001	chr21_superscaffold13
1834659	1834949	555106	555402	291	297	6243218	603469	0.00	0.05	DPSCF300001	chr21_superscaffold13
1838810	1839516	558321	559159	707	839	6243218	603469	0.01	0.14	DPSCF300001	chr21_superscaffold13
1842876	1843075	563767	563963	200	197	6243218	603469	0.00	0.03	DPSCF300001	chr21_superscaffold13
1873176	1873301	832	960	126	129	6243218	657213	0.00	0.02	DPSCF300001	chr21_superscaffold1
1873403	1873741	1202	1540	339	339	6243218	657213	0.01	0.05	DPSCF300001	chr21_superscaffold1
1873897	1874151	1935	2183	255	249	6243218	657213	0.00	0.04	DPSCF300001	chr21_superscaffold1
1874295	1874627	2403	2750	333	348	6243218	657213	0.01	0.05	DPSCF300001	chr21_superscaffold1
1874743	1874886	3089	3232	144	144	6243218	657213	0.00	0.02	DPSCF300001	chr21_superscaffold1
1875113	1875316	4670	4855	204	186	6243218	657213	0.00	0.03	DPSCF300001	chr21_superscaffold1
1875365	1875699	5089	5477	335	389	6243218	657213	0.01	0.06	DPSCF300001	chr21_superscaffold1
1880381	1880678	15613	15895	298	283	6243218	657213	0.00	0.04	DPSCF300001	chr21_superscaffold1
1883157	1883258	20458	20559	102	102	6243218	657213	0.00	0.02	DPSCF300001	chr21_superscaffold1
1887378	1887671	25582	25917	294	336	6243218	657213	0.00	0.05	DPSCF300001	chr21_superscaffold1
1888369	1888488	27953	28072	120	120	6243218	657213	0.00	0.02	DPSCF300001	chr21_superscaffold1
1888641	1888847	28593	28799	207	207	6243218	657213	0.00	0.03	DPSCF300001	chr21_superscaffold1
1904617	1904904	67978	68277	288	300	6243218	657213	0.00	0.05	DPSCF300001	chr21_superscaffold1
1905592	1905792	68875	69075	201	201	6243218	657213	0.00	0.03	DPSCF300001	chr21_superscaffold1
1906254	1906460	71050	71259	207	210	6243218	657213	0.00	0.03	DPSCF300001	chr21_superscaffold1
1906639	1906824	72450	72635	186	186	6243218	657213	0.00	0.03	DPSCF300001	chr21_superscaffold1
1921807	1922537	81976	82779	731	804	6243218	657213	0.01	0.12	DPSCF300001	chr21_superscaffold1
1926208	1926441	93917	94150	234	234	6243218	657213	0.00	0.04	DPSCF300001	chr21_superscaffold1
1929920	1930291	107441	107785	372	345	6243218	657213	0.01	0.05	DPSCF300001	chr21_superscaffold1
1930486	1930902	108021	108452	417	432	6243218	657213	0.01	0.07	DPSCF300001	chr21_superscaffold1
1933752	1933940	112029	112220	189	192	6243218	657213	0.00	0.03	DPSCF300001	chr21_superscaffold1
1934173	1934306	112457	112605	134	149	6243218	657213	0.00	0.02	DPSCF300001	chr21_superscaffold1
1934426	1934587	112713	112868	162	156	6243218	657213	0.00	0.02	DPSCF300001	chr21_superscaffold1
1936031	1936336	115549	115845	306	297	6243218	657213	0.00	0.05	DPSCF300001	chr21_superscaffold1
1936979	1937506	116440	117015	528	576	6243218	657213	0.01	0.09	DPSCF300001	chr21_superscaffold1
1940509	1940933	123560	123954	425	395	6243218	657213	0.01	0.06	DPSCF300001	chr21_superscaffold1
1944900	1945127	129239	129484	228	246	6243218	657213	0.00	0.04	DPSCF300001	chr21_superscaffold1
1945831	1946100	130329	130598	270	270	6243218	657213	0.00	0.04	DPSCF300001	chr21_superscaffold1
1949132	1949316	137247	137479	185	233	6243218	657213	0.00	0.04	DPSCF300001	chr21_superscaffold1
1949601	1949783	137789	137977	183	189	6243218	657213	0.00	0.03	DPSCF300001	chr21_superscaffold1
1950433	1950550	138661	138778	118	118	6243218	657213	0.00	0.02	DPSCF300001	chr21_superscaffold1
1961462	1961827	168692	169054	366	363	6243218	657213	0.01	0.06	DPSCF300001	chr21_superscaffold1
1969095	1969241	189837	189983	147	147	6243218	657213	0.00	0.02	DPSCF300001	chr21_superscaffold1
1978164	1978328	208173	208337	165	165	6243218	657213	0.00	0.03	DPSCF300001	chr21_superscaffold1
1982743	1983009	217772	218044	267	273	6243218	657213	0.00	0.04	DPSCF300001	chr21_superscaffold1
1988626	1988883	225330	225587	258	258	6243218	657213	0.00	0.04	DPSCF300001	chr21_superscaffold1
1992705	1992812	235014	235121	108	108	6243218	657213	0.00	0.02	DPSCF300001	chr21_superscaffold1
1992933	1993079	235244	235408	147	165	6243218	657213	0.00	0.03	DPSCF300001	chr21_superscaffold1
1993940	1994152	238256	238468	213	213	6243218	657213	0.00	0.03	DPSCF300001	chr21_superscaffold1
1994980	1995090	240165	240275	111	111	6243218	657213	0.00	0.02	DPSCF300001	chr21_superscaffold1
2002819	2003028	253863	254081	210	219	6243218	657213	0.00	0.03	DPSCF300001	chr21_superscaffold1
2007232	2007354	258621	258752	123	132	6243218	657213	0.00	0.02	DPSCF300001	chr21_superscaffold1
2011794	2011949	265949	266104	156	156	6243218	657213	0.00	0.02	DPSCF300001	chr21_superscaffold1
2016892	2017056	267932	268066	165	135	6243218	657213	0.00	0.02	DPSCF300001	chr21_superscaffold1
2019190	2019366	271046	271231	177	186	6243218	657213	0.00	0.03	DPSCF300001	chr21_superscaffold1
2020099	2020227	272684	272812	129	129	6243218	657213	0.00	0.02	DPSCF300001	chr21_superscaffold1
2020948	2021244	274561	274845	297	285	6243218	657213	0.00	0.04	DPSCF300001	chr21_superscaffold1
2021584	2021835	274765	275082	252	318	6243218	657213	0.00	0.05	DPSCF300001	chr21_superscaffold1
2022413	2022532	276002	276148	120	147	6243218	657213	0.00	0.02	DPSCF300001	chr21_superscaffold1
2024435	2024668	278813	279046	234	234	6243218	657213	0.00	0.04	DPSCF300001	chr21_superscaffold1
2025550	2025830	280282	280571	281	290	6243218	657213	0.00	0.04	DPSCF300001	chr21_superscaffold1
2025890	2026024	280988	281122	135	135	6243218	657213	0.00	0.02	DPSCF300001	chr21_superscaffold1
2026108	2026269	281807	281968	162	162	6243218	657213	0.00	0.02	DPSCF300001	chr21_superscaffold1
2026606	2026773	283124	283291	168	168	6243218	657213	0.00	0.03	DPSCF300001	chr21_superscaffold1
2027487	2027633	284939	285085	147	147	6243218	657213	0.00	0.02	DPSCF300001	chr21_superscaffold1
2034030	2034224	6262	6456	195	195	6243218	603469	0.00	0.03	DPSCF300001	chr21_superscaffold13
2036314	2036658	303002	303364	345	363	6243218	657213	0.01	0.06	DPSCF300001	chr21_superscaffold1
2038598	2039481	303660	304541	884	882	6243218	657213	0.01	0.13	DPSCF300001	chr21_superscaffold1
2041133	2041963	310499	311332	831	834	6243218	657213	0.01	0.13	DPSCF300001	chr21_superscaffold1
2065428	2065713	370270	370555	286	286	6243218	657213	0.00	0.04	DPSCF300001	chr21_superscaffold1
2067985	2068128	374431	374592	144	162	6243218	657213	0.00	0.02	DPSCF300001	chr21_superscaffold1
2068822	2069091	375485	375757	270	273	6243218	657213	0.00	0.04	DPSCF300001	chr21_superscaffold1
2069375	2069497	376593	376718	123	126	6243218	657213	0.00	0.02	DPSCF300001	chr21_superscaffold1
2069751	2069906	376848	377003	156	156	6243218	657213	0.00	0.02	DPSCF300001	chr21_superscaffold1
2072043	2072234	381670	381858	192	189	6243218	657213	0.00	0.03	DPSCF300001	chr21_superscaffold1
2072386	2072772	382173	382517	387	345	6243218	657213	0.01	0.05	DPSCF300001	chr21_superscaffold1
2074273	2074933	383719	384409	661	691	6243218	657213	0.01	0.11	DPSCF300001	chr21_superscaffold1
2074990	2075292	385074	385376	303	303	6243218	657213	0.00	0.05	DPSCF300001	chr21_superscaffold1
2075469	2075642	386048	386221	174	174	6243218	657213	0.00	0.03	DPSCF300001	chr21_superscaffold1
2075990	2076121	386627	386758	132	132	6243218	657213	0.00	0.02	DPSCF300001	chr21_superscaffold1
2076231	2076335	387114	387218	105	105	6243218	657213	0.00	0.02	DPSCF300001	chr21_superscaffold1
2076596	2076781	387987	388178	186	192	6243218	657213	0.00	0.03	DPSCF300001	chr21_superscaffold1
2077761	2077913	389532	389681	153	150	6243218	657213	0.00	0.02	DPSCF300001	chr21_superscaffold1
2078674	2078784	390799	390909	111	111	6243218	657213	0.00	0.02	DPSCF300001	chr21_superscaffold1
2080969	2081094	396385	396510	126	126	6243218	657213	0.00	0.02	DPSCF300001	chr21_superscaffold1
2081575	2081679	396821	396928	105	108	6243218	657213	0.00	0.02	DPSCF300001	chr21_superscaffold1
2081830	2081982	397461	397634	153	174	6243218	657213	0.00	0.03	DPSCF300001	chr21_superscaffold1
2083333	2083464	401389	401517	132	129	6243218	657213	0.00	0.02	DPSCF300001	chr21_superscaffold1
2083643	2084146	402225	402701	504	477	6243218	657213	0.01	0.07	DPSCF300001	chr21_superscaffold1
2088104	2088386	408101	408395	283	295	6243218	657213	0.00	0.04	DPSCF300001	chr21_superscaffold1
2088561	2088774	408748	408943	214	196	6243218	657213	0.00	0.03	DPSCF300001	chr21_superscaffold1
2088846	2089067	409207	409428	222	222	6243218	657213	0.00	0.03	DPSCF300001	chr21_superscaffold1
2089096	2089302	409615	409815	207	201	6243218	657213	0.00	0.03	DPSCF300001	chr21_superscaffold1
2089383	2089631	409825	410085	249	261	6243218	657213	0.00	0.04	DPSCF300001	chr21_superscaffold1
2089793	2090874	410153	411295	1082	1143	6243218	657213	0.02	0.17	DPSCF300001	chr21_superscaffold1
2090939	2091211	411361	411633	273	273	6243218	657213	0.00	0.04	DPSCF300001	chr21_superscaffold1
2091654	2091797	411795	411932	144	138	6243218	657213	0.00	0.02	DPSCF300001	chr21_superscaffold1
2091897	2092112	412027	412266	216	240	6243218	657213	0.00	0.04	DPSCF300001	chr21_superscaffold1
2092158	2092451	412581	412871	294	291	6243218	657213	0.00	0.04	DPSCF300001	chr21_superscaffold1
2094618	2094776	418418	418573	159	156	6243218	657213	0.00	0.02	DPSCF300001	chr21_superscaffold1
2107879	2108058	439324	439500	180	177	6243218	657213	0.00	0.03	DPSCF300001	chr21_superscaffold1
2109321	2109614	442234	442539	294	306	6243218	657213	0.00	0.05	DPSCF300001	chr21_superscaffold1
2109742	2109849	442940	443047	108	108	6243218	657213	0.00	0.02	DPSCF300001	chr21_superscaffold1
2109992	2110168	443695	443871	177	177	6243218	657213	0.00	0.03	DPSCF300001	chr21_superscaffold1
2115558	2115731	78250	78423	174	174	6243218	89112	0.00	0.20	DPSCF300001	chr21_superscaffold39
2116041	2116277	77224	77505	237	282	6243218	89112	0.00	0.32	DPSCF300001	chr21_superscaffold39
2116511	2116642	77085	77216	132	132	6243218	89112	0.00	0.15	DPSCF300001	chr21_superscaffold39
2130832	2131041	82668	82877	210	210	6243218	89112	0.00	0.24	DPSCF300001	chr21_superscaffold39
2131060	2131227	83261	83449	168	189	6243218	89112	0.00	0.21	DPSCF300001	chr21_superscaffold39
2131490	2131618	83706	83837	129	132	6243218	89112	0.00	0.15	DPSCF300001	chr21_superscaffold39
2133201	2133510	86948	87275	310	328	6243218	89112	0.00	0.37	DPSCF300001	chr21_superscaffold39
2268452	2268718	158954	159244	267	291	6243218	162105	0.00	0.18	DPSCF300001	chr21_superscaffold3
2268829	2269130	158007	158293	302	287	6243218	162105	0.00	0.18	DPSCF300001	chr21_superscaffold3
2276241	2276393	156104	156256	153	153	6243218	162105	0.00	0.09	DPSCF300001	chr21_superscaffold3
2279464	2279733	148800	149054	270	255	6243218	162105	0.00	0.16	DPSCF300001	chr21_superscaffold3
2279729	2280016	147790	148056	288	267	6243218	162105	0.00	0.16	DPSCF300001	chr21_superscaffold3
2280506	2283463	144872	147682	2958	2811	6243218	162105	0.05	1.73	DPSCF300001	chr21_superscaffold3
2284312	2284597	143668	143957	286	290	6243218	162105	0.00	0.18	DPSCF300001	chr21_superscaffold3
2284953	2285069	143190	143306	117	117	6243218	162105	0.00	0.07	DPSCF300001	chr21_superscaffold3
2285783	2285920	142450	142578	138	129	6243218	162105	0.00	0.08	DPSCF300001	chr21_superscaffold3
2285983	2286174	140664	140855	192	192	6243218	162105	0.00	0.12	DPSCF300001	chr21_superscaffold3
2286386	2286842	137774	138230	457	457	6243218	162105	0.01	0.28	DPSCF300001	chr21_superscaffold3
2287705	2288490	135876	136697	786	822	6243218	162105	0.01	0.51	DPSCF300001	chr21_superscaffold3
2288445	2288945	134787	135272	501	486	6243218	162105	0.01	0.30	DPSCF300001	chr21_superscaffold3
2350351	2350507	346644	346764	157	121	6243218	387342	0.00	0.03	DPSCF300001	chr21_superscaffold20
2379034	2379951	36294	37223	918	930	6243218	94858	0.01	0.98	DPSCF300001	chr21_superscaffold38
2380123	2380476	37226	37579	354	354	6243218	94858	0.01	0.37	DPSCF300001	chr21_superscaffold38
2394057	2394332	59036	59314	276	279	6243218	94858	0.00	0.29	DPSCF300001	chr21_superscaffold38
2435967	2436923	17712	18692	957	981	6243218	133242	0.02	0.74	DPSCF300001	chr21_superscaffold36
2438835	2439272	14959	15396	438	438	6243218	133242	0.01	0.33	DPSCF300001	chr21_superscaffold36
2439424	2439558	14071	14205	135	135	6243218	133242	0.00	0.10	DPSCF300001	chr21_superscaffold36
2443718	2443876	12371	12529	159	159	6243218	133242	0.00	0.12	DPSCF300001	chr21_superscaffold36
2445539	2445670	8494	8625	132	132	6243218	133242	0.00	0.10	DPSCF300001	chr21_superscaffold36
2446092	2446214	7978	8100	123	123	6243218	133242	0.00	0.09	DPSCF300001	chr21_superscaffold36
2447671	2447829	6456	6620	159	165	6243218	133242	0.00	0.12	DPSCF300001	chr21_superscaffold36
2447975	2448145	5437	5598	171	162	6243218	133242	0.00	0.12	DPSCF300001	chr21_superscaffold36
2448900	2449028	4284	4412	129	129	6243218	133242	0.00	0.10	DPSCF300001	chr21_superscaffold36
2449725	2449859	2811	2945	135	135	6243218	133242	0.00	0.10	DPSCF300001	chr21_superscaffold36
2450389	2450505	2094	2210	117	117	6243218	133242	0.00	0.09	DPSCF300001	chr21_superscaffold36
2450940	2451161	1446	1655	222	210	6243218	133242	0.00	0.16	DPSCF300001	chr21_superscaffold36
2537124	2537294	54865	55035	171	171	6243218	56727	0.00	0.30	DPSCF300001	chr21_superscaffold23
2537553	2537978	54023	54532	426	510	6243218	56727	0.01	0.90	DPSCF300001	chr21_superscaffold23
2540654	2540752	50569	50667	99	99	6243218	56727	0.00	0.17	DPSCF300001	chr21_superscaffold23
2541015	2541215	49779	49973	201	195	6243218	56727	0.00	0.34	DPSCF300001	chr21_superscaffold23
2542512	2542640	47969	48097	129	129	6243218	56727	0.00	0.23	DPSCF300001	chr21_superscaffold23
2542753	2542920	46924	47070	168	147	6243218	56727	0.00	0.26	DPSCF300001	chr21_superscaffold23
2543422	2543544	45113	45235	123	123	6243218	56727	0.00	0.22	DPSCF300001	chr21_superscaffold23
2544896	2545042	42093	42236	147	144	6243218	56727	0.00	0.25	DPSCF300001	chr21_superscaffold23
2545443	2545583	39670	39810	141	141	6243218	56727	0.00	0.25	DPSCF300001	chr21_superscaffold23
2553912	2554165	38622	38875	254	254	6243218	56727	0.00	0.45	DPSCF300001	chr21_superscaffold23
2554770	2554928	29913	30083	159	171	6243218	56727	0.00	0.30	DPSCF300001	chr21_superscaffold23
2560637	2560747	8918	9028	111	111	6243218	56727	0.00	0.20	DPSCF300001	chr21_superscaffold23
2633027	2633164	41033	41170	138	138	6243218	65940	0.00	0.21	DPSCF300001	chr21_superscaffold16
2635921	2636133	22156	22368	213	213	6243218	53953	0.00	0.39	DPSCF300001	chr21_superscaffold30
2636449	2636652	5755	5958	204	204	6243218	65940	0.00	0.31	DPSCF300001	chr21_superscaffold16
2637564	2637776	19464	19688	213	225	6243218	53953	0.00	0.42	DPSCF300001	chr21_superscaffold30
2639675	2640046	17300	17662	372	363	6243218	53953	0.01	0.67	DPSCF300001	chr21_superscaffold30
2640859	2641107	13230	13514	249	285	6243218	65940	0.00	0.43	DPSCF300001	chr21_superscaffold16
2641208	2641489	13651	13932	282	282	6243218	65940	0.00	0.43	DPSCF300001	chr21_superscaffold16
2641493	2641750	57919	58179	258	261	6243218	65940	0.00	0.40	DPSCF300001	chr21_superscaffold16
2641819	2642145	45601	45924	327	324	6243218	53953	0.01	0.60	DPSCF300001	chr21_superscaffold30
2642186	2642710	59189	59707	525	519	6243218	65940	0.01	0.79	DPSCF300001	chr21_superscaffold16
2642735	2642998	58604	58861	264	258	6243218	65940	0.00	0.39	DPSCF300001	chr21_superscaffold16
2643003	2643194	60261	60443	192	183	6243218	65940	0.00	0.28	DPSCF300001	chr21_superscaffold16
2643561	2643746	23016	23201	186	186	6243218	65940	0.00	0.28	DPSCF300001	chr21_superscaffold16
2644592	2644753	40343	40504	162	162	6243218	53953	0.00	0.30	DPSCF300001	chr21_superscaffold30
2644915	2645181	39494	39718	267	225	6243218	53953	0.00	0.42	DPSCF300001	chr21_superscaffold30
2645501	2645815	37843	38190	315	348	6243218	53953	0.01	0.65	DPSCF300001	chr21_superscaffold30
2645819	2646088	37499	37753	270	255	6243218	53953	0.00	0.47	DPSCF300001	chr21_superscaffold30
2646512	2646775	37135	37389	264	255	6243218	53953	0.00	0.47	DPSCF300001	chr21_superscaffold30
2647794	2648180	33269	33655	387	387	6243218	53953	0.01	0.72	DPSCF300001	chr21_superscaffold30
2665110	2665394	109456	109737	285	282	6243218	110299	0.00	0.26	DPSCF300001	chr21_superscaffold44
2665410	2665565	107898	108041	156	144	6243218	110299	0.00	0.13	DPSCF300001	chr21_superscaffold44
2667538	2667678	101701	101835	141	135	6243218	110299	0.00	0.12	DPSCF300001	chr21_superscaffold44
2738802	2739020	77013	77231	219	219	6243218	110299	0.00	0.20	DPSCF300001	chr21_superscaffold44
2740243	2740464	70855	71070	222	216	6243218	110299	0.00	0.20	DPSCF300001	chr21_superscaffold44
2741734	2741970	38391	38624	237	234	6243218	110299	0.00	0.21	DPSCF300001	chr21_superscaffold44
2781800	2781955	22666	22842	156	177	6243218	26811	0.00	0.66	DPSCF300001	chr21_superscaffold40
2782238	2782540	21384	21665	303	282	6243218	26811	0.00	1.05	DPSCF300001	chr21_superscaffold40
2782733	2782909	20617	20793	177	177	6243218	26811	0.00	0.66	DPSCF300001	chr21_superscaffold40
2784814	2784975	18427	18588	162	162	6243218	26811	0.00	0.60	DPSCF300001	chr21_superscaffold40
2785731	2785946	10186	10413	216	228	6243218	26811	0.00	0.85	DPSCF300001	chr21_superscaffold40
2790450	2790776	6979	7317	327	339	6243218	26811	0.01	1.26	DPSCF300001	chr21_superscaffold40
2834163	2834442	6557	6821	280	265	6243218	381220	0.00	0.07	DPSCF300001	chr21_superscaffold15
2835631	2836698	8525	9618	1068	1094	6243218	381220	0.02	0.29	DPSCF300001	chr21_superscaffold15
2836929	2837556	9993	10608	628	616	6243218	381220	0.01	0.16	DPSCF300001	chr21_superscaffold15
2843639	2843794	21603	21758	156	156	6243218	381220	0.00	0.04	DPSCF300001	chr21_superscaffold15
2845018	2845203	22707	22892	186	186	6243218	381220	0.00	0.05	DPSCF300001	chr21_superscaffold15
2846022	2846349	23790	24129	328	340	6243218	381220	0.01	0.09	DPSCF300001	chr21_superscaffold15
2847476	2847937	26065	26553	462	489	6243218	381220	0.01	0.13	DPSCF300001	chr21_superscaffold15
2848112	2848861	26813	27537	750	725	6243218	381220	0.01	0.19	DPSCF300001	chr21_superscaffold15
2849278	2849451	28595	28774	174	180	6243218	381220	0.00	0.05	DPSCF300001	chr21_superscaffold15
2851478	2851597	33862	33981	120	120	6243218	381220	0.00	0.03	DPSCF300001	chr21_superscaffold15
2851703	2852077	34130	34480	375	351	6243218	381220	0.01	0.09	DPSCF300001	chr21_superscaffold15
2852277	2852453	35296	35484	177	189	6243218	381220	0.00	0.05	DPSCF300001	chr21_superscaffold15
2852680	2852952	35873	36166	273	294	6243218	381220	0.00	0.08	DPSCF300001	chr21_superscaffold15
2853149	2853411	36951	37201	263	251	6243218	381220	0.00	0.07	DPSCF300001	chr21_superscaffold15
2853485	2854133	37298	37925	649	628	6243218	381220	0.01	0.16	DPSCF300001	chr21_superscaffold15
2854298	2854477	38243	38419	180	177	6243218	381220	0.00	0.05	DPSCF300001	chr21_superscaffold15
2854763	2854855	39380	39472	93	93	6243218	381220	0.00	0.02	DPSCF300001	chr21_superscaffold15
2855313	2855464	39980	40131	152	152	6243218	381220	0.00	0.04	DPSCF300001	chr21_superscaffold15
2855611	2855968	40750	41053	358	304	6243218	381220	0.01	0.08	DPSCF300001	chr21_superscaffold15
2855957	2856198	41309	41550	242	242	6243218	381220	0.00	0.06	DPSCF300001	chr21_superscaffold15
2856292	2856687	42398	42658	396	261	6243218	381220	0.01	0.07	DPSCF300001	chr21_superscaffold15
2856912	2857013	44109	44210	102	102	6243218	381220	0.00	0.03	DPSCF300001	chr21_superscaffold15
2857232	2857446	44543	44757	215	215	6243218	381220	0.00	0.06	DPSCF300001	chr21_superscaffold15
2863477	2865432	54525	56486	1956	1962	6243218	381220	0.03	0.51	DPSCF300001	chr21_superscaffold15
2870121	2870333	69556	69762	213	207	6243218	381220	0.00	0.05	DPSCF300001	chr21_superscaffold15
2870691	2871392	70289	70987	702	699	6243218	381220	0.01	0.18	DPSCF300001	chr21_superscaffold15
2873666	2873836	74138	74308	171	171	6243218	381220	0.00	0.04	DPSCF300001	chr21_superscaffold15
2874434	2874608	74831	75005	175	175	6243218	381220	0.00	0.05	DPSCF300001	chr21_superscaffold15
2876885	2877209	78693	78999	325	307	6243218	381220	0.01	0.08	DPSCF300001	chr21_superscaffold15
2881604	2881825	85841	86062	222	222	6243218	381220	0.00	0.06	DPSCF300001	chr21_superscaffold15
2887371	2887901	91805	92371	531	567	6243218	381220	0.01	0.15	DPSCF300001	chr21_superscaffold15
2891292	2891501	98247	98474	210	228	6243218	381220	0.00	0.06	DPSCF300001	chr21_superscaffold15
2892534	2892764	98975	99223	231	249	6243218	381220	0.00	0.07	DPSCF300001	chr21_superscaffold15
2893448	2893669	99665	99886	222	222	6243218	381220	0.00	0.06	DPSCF300001	chr21_superscaffold15
2893888	2894163	100357	100641	276	285	6243218	381220	0.00	0.07	DPSCF300001	chr21_superscaffold15
2898277	2898636	114901	115260	360	360	6243218	381220	0.01	0.09	DPSCF300001	chr21_superscaffold15
2902272	2902361	124088	124177	90	90	6243218	381220	0.00	0.02	DPSCF300001	chr21_superscaffold15
2911844	2912044	133905	134108	201	204	6243218	381220	0.00	0.05	DPSCF300001	chr21_superscaffold15
2912983	2914290	136469	137791	1308	1323	6243218	381220	0.02	0.35	DPSCF300001	chr21_superscaffold15
2930336	2930551	174664	174912	216	249	6243218	381220	0.00	0.07	DPSCF300001	chr21_superscaffold15
2951554	2952213	221305	221979	660	675	6243218	381220	0.01	0.18	DPSCF300001	chr21_superscaffold15
2967677	2967895	258466	258696	219	231	6243218	381220	0.00	0.06	DPSCF300001	chr21_superscaffold15
2968216	2968395	260986	261177	180	192	6243218	381220	0.00	0.05	DPSCF300001	chr21_superscaffold15
2972166	2972485	275644	275966	320	323	6243218	381220	0.01	0.08	DPSCF300001	chr21_superscaffold15
2972967	2973188	277893	278126	222	234	6243218	381220	0.00	0.06	DPSCF300001	chr21_superscaffold15
2973226	2973429	278577	278780	204	204	6243218	381220	0.00	0.05	DPSCF300001	chr21_superscaffold15
2973638	2973844	279449	279673	207	225	6243218	381220	0.00	0.06	DPSCF300001	chr21_superscaffold15
2978023	2978637	286885	287556	615	672	6243218	381220	0.01	0.18	DPSCF300001	chr21_superscaffold15
2978735	2980171	287676	289112	1437	1437	6243218	381220	0.02	0.38	DPSCF300001	chr21_superscaffold15
2986436	2986525	228899	228988	90	90	6243218	315102	0.00	0.03	DPSCF300001	chr21_superscaffold9
2989019	2990632	323359	325002	1614	1644	6243218	381220	0.03	0.43	DPSCF300001	chr21_superscaffold15
2993200	2993463	332971	333234	264	264	6243218	381220	0.00	0.07	DPSCF300001	chr21_superscaffold15
2994156	2994308	335313	335465	153	153	6243218	381220	0.00	0.04	DPSCF300001	chr21_superscaffold15
2995091	2995204	339002	339115	114	114	6243218	381220	0.00	0.03	DPSCF300001	chr21_superscaffold15
3000840	3001049	353686	353901	210	216	6243218	381220	0.00	0.06	DPSCF300001	chr21_superscaffold15
3005044	3005445	364187	364600	402	414	6243218	381220	0.01	0.11	DPSCF300001	chr21_superscaffold15
3010117	3010299	368247	368420	183	174	6243218	381220	0.00	0.05	DPSCF300001	chr21_superscaffold15
3015686	3016039	377154	377495	354	342	6243218	381220	0.01	0.09	DPSCF300001	chr21_superscaffold15
3016385	3016597	377619	377834	213	216	6243218	381220	0.00	0.06	DPSCF300001	chr21_superscaffold15
3016660	3016839	378231	378413	180	183	6243218	381220	0.00	0.05	DPSCF300001	chr21_superscaffold15
3018481	3018636	379760	379918	156	159	6243218	381220	0.00	0.04	DPSCF300001	chr21_superscaffold15
3072676	3073032	2630	2992	357	363	6243218	39019	0.01	0.93	DPSCF300001	chr21_superscaffold37
3073045	3073641	3001	3597	597	597	6243218	39019	0.01	1.53	DPSCF300001	chr21_superscaffold37
3075353	3075535	14688	14879	183	192	6243218	39019	0.00	0.49	DPSCF300001	chr21_superscaffold37
3078469	3078582	18754	18849	114	96	6243218	39019	0.00	0.25	DPSCF300001	chr21_superscaffold37
3083446	3083745	22553	22858	300	306	6243218	39019	0.00	0.78	DPSCF300001	chr21_superscaffold37
3085813	3085887	24787	24861	75	75	6243218	39019	0.00	0.19	DPSCF300001	chr21_superscaffold37
3086202	3086468	25213	25479	267	267	6243218	39019	0.00	0.68	DPSCF300001	chr21_superscaffold37
3086766	3086921	26456	26602	156	147	6243218	39019	0.00	0.38	DPSCF300001	chr21_superscaffold37
3087017	3087325	27445	27744	309	300	6243218	39019	0.00	0.77	DPSCF300001	chr21_superscaffold37
3087348	3087477	28496	28625	130	130	6243218	39019	0.00	0.33	DPSCF300001	chr21_superscaffold37
3089815	3090087	29955	30227	273	273	6243218	39019	0.00	0.70	DPSCF300001	chr21_superscaffold37
3091021	3091230	33040	33249	210	210	6243218	39019	0.00	0.54	DPSCF300001	chr21_superscaffold37
3091606	3091903	34395	34710	298	316	6243218	39019	0.00	0.81	DPSCF300001	chr21_superscaffold37
3092273	3092386	35179	35292	114	114	6243218	39019	0.00	0.29	DPSCF300001	chr21_superscaffold37
3092493	3092747	35505	35759	255	255	6243218	39019	0.00	0.65	DPSCF300001	chr21_superscaffold37
3110252	3110443	17155	17328	192	174	6243218	130996	0.00	0.13	DPSCF300001	chr21_superscaffold42
3112188	3112334	20409	20555	147	147	6243218	130996	0.00	0.11	DPSCF300001	chr21_superscaffold42
3113513	3113788	22122	22385	276	264	6243218	130996	0.00	0.20	DPSCF300001	chr21_superscaffold42
3114039	3114239	23405	23617	201	213	6243218	130996	0.00	0.16	DPSCF300001	chr21_superscaffold42
3114266	3114526	24129	24395	261	267	6243218	130996	0.00	0.20	DPSCF300001	chr21_superscaffold42
3116364	3116474	30822	30929	111	108	6243218	130996	0.00	0.08	DPSCF300001	chr21_superscaffold42
3134299	3134537	72174	72421	239	248	6243218	130996	0.00	0.19	DPSCF300001	chr21_superscaffold42
3142172	3142369	86347	86544	198	198	6243218	130996	0.00	0.15	DPSCF300001	chr21_superscaffold42
3142636	3142800	87109	87273	165	165	6243218	130996	0.00	0.13	DPSCF300001	chr21_superscaffold42
3143291	3143682	88245	88660	392	416	6243218	130996	0.01	0.32	DPSCF300001	chr21_superscaffold42
3156152	3156262	119565	119675	111	111	6243218	130996	0.00	0.08	DPSCF300001	chr21_superscaffold42
3158476	3158745	121897	122166	270	270	6243218	130996	0.00	0.21	DPSCF300001	chr21_superscaffold42
3200212	3200457	63632	63898	246	267	6243218	80442	0.00	0.33	DPSCF300001	chr21_superscaffold43
3201995	3202120	217079	217204	126	126	6243218	387342	0.00	0.03	DPSCF300001	chr21_superscaffold20
3214106	3214276	33590	33760	171	171	6243218	80442	0.00	0.21	DPSCF300001	chr21_superscaffold43
3214639	3214869	29069	29296	231	228	6243218	80442	0.00	0.28	DPSCF300001	chr21_superscaffold43
3215302	3215478	28479	28655	177	177	6243218	80442	0.00	0.22	DPSCF300001	chr21_superscaffold43
3215571	3215879	27786	28103	309	318	6243218	80442	0.00	0.40	DPSCF300001	chr21_superscaffold43
3216100	3216369	26853	27131	270	279	6243218	80442	0.00	0.35	DPSCF300001	chr21_superscaffold43
3217167	3217310	26319	26456	144	138	6243218	80442	0.00	0.17	DPSCF300001	chr21_superscaffold43
3217361	3217570	25794	26036	210	243	6243218	80442	0.00	0.30	DPSCF300001	chr21_superscaffold43
3218079	3218234	25353	25508	156	156	6243218	80442	0.00	0.19	DPSCF300001	chr21_superscaffold43
3218952	3219104	24723	24875	153	153	6243218	80442	0.00	0.19	DPSCF300001	chr21_superscaffold43
3219203	3219361	24391	24552	159	162	6243218	80442	0.00	0.20	DPSCF300001	chr21_superscaffold43
3220622	3220900	23999	24304	279	306	6243218	80442	0.00	0.38	DPSCF300001	chr21_superscaffold43
3221213	3221335	23530	23652	123	123	6243218	80442	0.00	0.15	DPSCF300001	chr21_superscaffold43
3221640	3221837	23021	23233	198	213	6243218	80442	0.00	0.26	DPSCF300001	chr21_superscaffold43
3222165	3222413	21633	21893	249	261	6243218	80442	0.00	0.32	DPSCF300001	chr21_superscaffold43
3222472	3222633	21202	21375	162	174	6243218	80442	0.00	0.22	DPSCF300001	chr21_superscaffold43
3222656	3222808	20822	20974	153	153	6243218	80442	0.00	0.19	DPSCF300001	chr21_superscaffold43
3224736	3224846	20202	20312	111	111	6243218	80442	0.00	0.14	DPSCF300001	chr21_superscaffold43
3225070	3225201	19744	19881	132	138	6243218	80442	0.00	0.17	DPSCF300001	chr21_superscaffold43
3226079	3226240	18571	18732	162	162	6243218	80442	0.00	0.20	DPSCF300001	chr21_superscaffold43
3226452	3226826	17929	18306	375	378	6243218	80442	0.01	0.47	DPSCF300001	chr21_superscaffold43
3227163	3227450	17381	17665	288	285	6243218	80442	0.00	0.35	DPSCF300001	chr21_superscaffold43
3228091	3228198	17140	17247	108	108	6243218	80442	0.00	0.13	DPSCF300001	chr21_superscaffold43
3228255	3228398	16753	16884	144	132	6243218	80442	0.00	0.16	DPSCF300001	chr21_superscaffold43
3228479	3228676	16027	16224	198	198	6243218	80442	0.00	0.25	DPSCF300001	chr21_superscaffold43
3230693	3230860	14498	14665	168	168	6243218	80442	0.00	0.21	DPSCF300001	chr21_superscaffold43
3231124	3231333	13559	13768	210	210	6243218	80442	0.00	0.26	DPSCF300001	chr21_superscaffold43
3231391	3231516	13074	13199	126	126	6243218	80442	0.00	0.16	DPSCF300001	chr21_superscaffold43
3231573	3231668	12769	12864	96	96	6243218	80442	0.00	0.12	DPSCF300001	chr21_superscaffold43
3232050	3232169	11502	11621	120	120	6243218	80442	0.00	0.15	DPSCF300001	chr21_superscaffold43
3232752	3232892	10067	10207	141	141	6243218	80442	0.00	0.18	DPSCF300001	chr21_superscaffold43
3269725	3269886	151075	151254	162	180	6243218	177618	0.00	0.10	DPSCF300001	chr21_superscaffold31
3269982	3270134	150390	150551	153	162	6243218	177618	0.00	0.09	DPSCF300001	chr21_superscaffold31
3270346	3270489	149494	149637	144	144	6243218	177618	0.00	0.08	DPSCF300001	chr21_superscaffold31
3270816	3270956	147466	147600	141	135	6243218	177618	0.00	0.08	DPSCF300001	chr21_superscaffold31
3272382	3272627	145068	145307	246	240	6243218	177618	0.00	0.14	DPSCF300001	chr21_superscaffold31
3272784	3272867	144342	144425	84	84	6243218	177618	0.00	0.05	DPSCF300001	chr21_superscaffold31
3273343	3273510	142985	143152	168	168	6243218	177618	0.00	0.09	DPSCF300001	chr21_superscaffold31
3274300	3275928	140790	142424	1629	1635	6243218	177618	0.03	0.92	DPSCF300001	chr21_superscaffold31
3278356	3278523	139621	139782	168	162	6243218	177618	0.00	0.09	DPSCF300001	chr21_superscaffold31
3279206	3279319	137824	137937	114	114	6243218	177618	0.00	0.06	DPSCF300001	chr21_superscaffold31
3281080	3281223	134976	135119	144	144	6243218	177618	0.00	0.08	DPSCF300001	chr21_superscaffold31
3283378	3283596	126949	127182	219	234	6243218	177618	0.00	0.13	DPSCF300001	chr21_superscaffold31
3283669	3283857	125491	125694	189	204	6243218	177618	0.00	0.11	DPSCF300001	chr21_superscaffold31
3284203	3284364	124523	124663	162	141	6243218	177618	0.00	0.08	DPSCF300001	chr21_superscaffold31
3284393	3284593	123770	123970	201	201	6243218	177618	0.00	0.11	DPSCF300001	chr21_superscaffold31
3285171	3285362	122978	123169	192	192	6243218	177618	0.00	0.11	DPSCF300001	chr21_superscaffold31
3286080	3286265	122166	122351	186	186	6243218	177618	0.00	0.10	DPSCF300001	chr21_superscaffold31
3287771	3287914	120719	120868	144	150	6243218	177618	0.00	0.08	DPSCF300001	chr21_superscaffold31
3288545	3288769	119324	119545	225	222	6243218	177618	0.00	0.12	DPSCF300001	chr21_superscaffold31
3289123	3289269	118960	119106	147	147	6243218	177618	0.00	0.08	DPSCF300001	chr21_superscaffold31
3289436	3289624	118429	118617	189	189	6243218	177618	0.00	0.11	DPSCF300001	chr21_superscaffold31
3289771	3289866	117834	117929	96	96	6243218	177618	0.00	0.05	DPSCF300001	chr21_superscaffold31
3294717	3294884	109798	109965	168	168	6243218	177618	0.00	0.09	DPSCF300001	chr21_superscaffold31
3295862	3295981	108930	109049	120	120	6243218	177618	0.00	0.07	DPSCF300001	chr21_superscaffold31
3296737	3296952	107235	107453	216	219	6243218	177618	0.00	0.12	DPSCF300001	chr21_superscaffold31
3297063	3297269	106323	106529	207	207	6243218	177618	0.00	0.12	DPSCF300001	chr21_superscaffold31
3297446	3297649	105525	105731	204	207	6243218	177618	0.00	0.12	DPSCF300001	chr21_superscaffold31
3303982	3304149	103250	103414	168	165	6243218	177618	0.00	0.09	DPSCF300001	chr21_superscaffold31
3304388	3304537	102643	102795	150	153	6243218	177618	0.00	0.09	DPSCF300001	chr21_superscaffold31
3305806	3305967	99944	100105	162	162	6243218	177618	0.00	0.09	DPSCF300001	chr21_superscaffold31
3307885	3308085	98051	98251	201	201	6243218	177618	0.00	0.11	DPSCF300001	chr21_superscaffold31
3308372	3308479	97569	97676	108	108	6243218	177618	0.00	0.06	DPSCF300001	chr21_superscaffold31
3308628	3308759	96697	96828	132	132	6243218	177618	0.00	0.07	DPSCF300001	chr21_superscaffold31
3309129	3309701	93046	93582	573	537	6243218	177618	0.01	0.30	DPSCF300001	chr21_superscaffold31
3309708	3310265	92535	93062	558	528	6243218	177618	0.01	0.30	DPSCF300001	chr21_superscaffold31
3310676	3311269	91475	92080	594	606	6243218	177618	0.01	0.34	DPSCF300001	chr21_superscaffold31
3312761	3312913	88167	88319	153	153	6243218	177618	0.00	0.09	DPSCF300001	chr21_superscaffold31
3313497	3313907	86152	86553	411	402	6243218	177618	0.01	0.23	DPSCF300001	chr21_superscaffold31
3314489	3314935	84282	84728	447	447	6243218	177618	0.01	0.25	DPSCF300001	chr21_superscaffold31
3338054	3338122	30614	30682	69	69	6243218	177618	0.00	0.04	DPSCF300001	chr21_superscaffold31
3338462	3338644	29866	30054	183	189	6243218	177618	0.00	0.11	DPSCF300001	chr21_superscaffold31
3338778	3338927	29377	29517	150	141	6243218	177618	0.00	0.08	DPSCF300001	chr21_superscaffold31
3339026	3339139	27646	27756	114	111	6243218	177618	0.00	0.06	DPSCF300001	chr21_superscaffold31
3341484	3341675	18138	18332	192	195	6243218	177618	0.00	0.11	DPSCF300001	chr21_superscaffold31
3344498	3344716	14289	14507	219	219	6243218	177618	0.00	0.12	DPSCF300001	chr21_superscaffold31
3348264	3348341	2779	2856	78	78	6243218	177618	0.00	0.04	DPSCF300001	chr21_superscaffold31
3348422	3348637	2285	2500	216	216	6243218	177618	0.00	0.12	DPSCF300001	chr21_superscaffold31
3350102	3350263	1378	1557	162	180	6243218	177618	0.00	0.10	DPSCF300001	chr21_superscaffold31
3350343	3350588	525	770	246	246	6243218	177618	0.00	0.14	DPSCF300001	chr21_superscaffold31
3350666	3350725	2	61	60	60	6243218	177618	0.00	0.03	DPSCF300001	chr21_superscaffold31
3390302	3390580	22439	22702	279	264	6243218	188255	0.00	0.14	DPSCF300001	chr21_superscaffold21
3391321	3391536	23093	23320	216	228	6243218	188255	0.00	0.12	DPSCF300001	chr21_superscaffold21
3394811	3394978	23691	23858	168	168	6243218	188255	0.00	0.09	DPSCF300001	chr21_superscaffold21
3395176	3395382	24063	24269	207	207	6243218	188255	0.00	0.11	DPSCF300001	chr21_superscaffold21
3401286	3401495	41131	41340	210	210	6243218	188255	0.00	0.11	DPSCF300001	chr21_superscaffold21
3401577	3401837	41422	41682	261	261	6243218	188255	0.00	0.14	DPSCF300001	chr21_superscaffold21
3408137	3408265	62994	63122	129	129	6243218	188255	0.00	0.07	DPSCF300001	chr21_superscaffold21
3408667	3408840	63692	63862	174	171	6243218	188255	0.00	0.09	DPSCF300001	chr21_superscaffold21
3409252	3409386	64797	64931	135	135	6243218	188255	0.00	0.07	DPSCF300001	chr21_superscaffold21
3409586	3409708	65756	65878	123	123	6243218	188255	0.00	0.07	DPSCF300001	chr21_superscaffold21
3409809	3409988	66330	66509	180	180	6243218	188255	0.00	0.10	DPSCF300001	chr21_superscaffold21
3410162	3410245	66950	67033	84	84	6243218	188255	0.00	0.04	DPSCF300001	chr21_superscaffold21
3410285	3410392	67086	67193	108	108	6243218	188255	0.00	0.06	DPSCF300001	chr21_superscaffold21
3410685	3410792	67480	67587	108	108	6243218	188255	0.00	0.06	DPSCF300001	chr21_superscaffold21
3412754	3412942	70807	71007	189	201	6243218	188255	0.00	0.11	DPSCF300001	chr21_superscaffold21
3417093	3417338	75575	75820	246	246	6243218	188255	0.00	0.13	DPSCF300001	chr21_superscaffold21
3417624	3417977	76062	76415	354	354	6243218	188255	0.01	0.19	DPSCF300001	chr21_superscaffold21
3418177	3418467	76624	76929	291	306	6243218	188255	0.00	0.16	DPSCF300001	chr21_superscaffold21
3418635	3418814	78502	78681	180	180	6243218	188255	0.00	0.10	DPSCF300001	chr21_superscaffold21
3418821	3419136	78690	79008	316	319	6243218	188255	0.01	0.17	DPSCF300001	chr21_superscaffold21
3419306	3419515	79358	79567	210	210	6243218	188255	0.00	0.11	DPSCF300001	chr21_superscaffold21
3420171	3420548	79720	80079	378	360	6243218	188255	0.01	0.19	DPSCF300001	chr21_superscaffold21
3421259	3421465	82795	83004	207	210	6243218	188255	0.00	0.11	DPSCF300001	chr21_superscaffold21
3424466	3424828	84094	84455	363	362	6243218	188255	0.01	0.19	DPSCF300001	chr21_superscaffold21
3426534	3427043	88304	88807	510	504	6243218	188255	0.01	0.27	DPSCF300001	chr21_superscaffold21
3427660	3431394	89175	92873	3735	3699	6243218	188255	0.06	1.96	DPSCF300001	chr21_superscaffold21
3433129	3433464	94126	94461	336	336	6243218	188255	0.01	0.18	DPSCF300001	chr21_superscaffold21
3433582	3433716	95870	96016	135	147	6243218	188255	0.00	0.08	DPSCF300001	chr21_superscaffold21
3444597	3446093	103667	105160	1497	1494	6243218	188255	0.02	0.79	DPSCF300001	chr21_superscaffold21
3448076	3449482	106153	107565	1407	1413	6243218	188255	0.02	0.75	DPSCF300001	chr21_superscaffold21
3449970	3451310	108086	109405	1341	1320	6243218	188255	0.02	0.70	DPSCF300001	chr21_superscaffold21
3453642	3454100	113203	113664	459	462	6243218	188255	0.01	0.25	DPSCF300001	chr21_superscaffold21
3454582	3454800	115125	115346	219	222	6243218	188255	0.00	0.12	DPSCF300001	chr21_superscaffold21
3463004	3463252	137787	138035	249	249	6243218	188255	0.00	0.13	DPSCF300001	chr21_superscaffold21
3475443	3475596	175500	175647	154	148	6243218	188255	0.00	0.08	DPSCF300001	chr21_superscaffold21
3485408	3485791	187365	187742	384	378	6243218	188255	0.01	0.20	DPSCF300001	chr21_superscaffold21
3485935	3486054	188136	188255	120	120	6243218	188255	0.00	0.06	DPSCF300001	chr21_superscaffold21
3526319	3526552	76306	76542	234	237	6243218	141245	0.00	0.17	DPSCF300001	chr21_superscaffold11
3545167	3545250	121724	121807	84	84	6243218	141245	0.00	0.06	DPSCF300001	chr21_superscaffold11
3551454	3552029	132273	132848	576	576	6243218	141245	0.01	0.41	DPSCF300001	chr21_superscaffold11
3552962	3553741	137385	138154	780	770	6243218	141245	0.01	0.55	DPSCF300001	chr21_superscaffold11
3693228	3693398	37279	37452	171	174	6243218	138985	0.00	0.13	DPSCF300001	chr21_superscaffold2
3697146	3697349	44375	44578	204	204	6243218	138985	0.00	0.15	DPSCF300001	chr21_superscaffold2
3698191	3698394	45965	46177	204	213	6243218	138985	0.00	0.15	DPSCF300001	chr21_superscaffold2
3698480	3698683	46648	46851	204	204	6243218	138985	0.00	0.15	DPSCF300001	chr21_superscaffold2
3699643	3699891	51720	51968	249	249	6243218	138985	0.00	0.18	DPSCF300001	chr21_superscaffold2
3716547	3716765	4795	5016	219	222	6243218	11992	0.00	1.85	DPSCF300001	chr21_superscaffold28
3716934	3717197	5327	5590	264	264	6243218	11992	0.00	2.20	DPSCF300001	chr21_superscaffold28
3717501	3717662	5892	6053	162	162	6243218	11992	0.00	1.35	DPSCF300001	chr21_superscaffold28
3718005	3718199	6359	6553	195	195	6243218	11992	0.00	1.63	DPSCF300001	chr21_superscaffold28
3718481	3718621	7079	7219	141	141	6243218	11992	0.00	1.18	DPSCF300001	chr21_superscaffold28
3718985	3719230	7296	7526	246	231	6243218	11992	0.00	1.93	DPSCF300001	chr21_superscaffold28
3719940	3720143	94794	94994	204	201	6243218	138985	0.00	0.14	DPSCF300001	chr21_superscaffold2
3719943	3720200	645586	645846	258	261	6243218	657213	0.00	0.04	DPSCF300001	chr21_superscaffold1
3720768	3720899	74789	74920	132	132	6243218	138985	0.00	0.09	DPSCF300001	chr21_superscaffold2
3721212	3721343	75392	75526	132	135	6243218	138985	0.00	0.10	DPSCF300001	chr21_superscaffold2
3721531	3721743	76218	76430	213	213	6243218	138985	0.00	0.15	DPSCF300001	chr21_superscaffold2
3725656	3725880	102816	103052	225	237	6243218	138985	0.00	0.17	DPSCF300001	chr21_superscaffold2
3726119	3726262	103104	103244	144	141	6243218	138985	0.00	0.10	DPSCF300001	chr21_superscaffold2
3727147	3727316	104042	104220	170	179	6243218	138985	0.00	0.13	DPSCF300001	chr21_superscaffold2
3727729	3727890	104693	104854	162	162	6243218	138985	0.00	0.12	DPSCF300001	chr21_superscaffold2
3729383	3729577	107922	108116	195	195	6243218	138985	0.00	0.14	DPSCF300001	chr21_superscaffold2
3732794	3732922	113183	113311	129	129	6243218	138985	0.00	0.09	DPSCF300001	chr21_superscaffold2
3733360	3733506	115456	115605	147	150	6243218	138985	0.00	0.11	DPSCF300001	chr21_superscaffold2
3735912	3736130	116696	116923	219	228	6243218	138985	0.00	0.16	DPSCF300001	chr21_superscaffold2
3766824	3766967	254361	254510	144	150	6243218	387342	0.00	0.04	DPSCF300001	chr21_superscaffold20
3789815	3790018	38251	38454	204	204	6243218	195516	0.00	0.10	DPSCF300001	chr21_superscaffold8
3817488	3817703	76279	76485	216	207	6243218	195516	0.00	0.11	DPSCF300001	chr21_superscaffold8
3817815	3818030	76907	77122	216	216	6243218	195516	0.00	0.11	DPSCF300001	chr21_superscaffold8
3820054	3820251	81473	81670	198	198	6243218	195516	0.00	0.10	DPSCF300001	chr21_superscaffold8
3821684	3821782	85674	85769	99	96	6243218	195516	0.00	0.05	DPSCF300001	chr21_superscaffold8
3822160	3822669	86485	86985	510	501	6243218	195516	0.01	0.26	DPSCF300001	chr21_superscaffold8
3823730	3823918	87670	87864	189	195	6243218	195516	0.00	0.10	DPSCF300001	chr21_superscaffold8
3823985	3824341	87935	88285	357	351	6243218	195516	0.01	0.18	DPSCF300001	chr21_superscaffold8
3967712	3967876	29369	29533	165	165	6243218	58743	0.00	0.28	DPSCF300001	chr21_superscaffold25
4656231	4656416	31684	31869	186	186	6243218	133242	0.00	0.14	DPSCF300001	chr21_superscaffold36
4656249	4656443	31521	31715	195	195	6243218	94858	0.00	0.21	DPSCF300001	chr21_superscaffold38
4668680	4668889	8748	8972	210	225	6243218	315102	0.00	0.07	DPSCF300001	chr21_superscaffold9
4668729	4668953	33818	34036	225	219	6243218	39019	0.00	0.56	DPSCF300001	chr21_superscaffold37
5374319	5374540	168647	168841	222	195	6243218	362865	0.00	0.05	DPSCF300001	chr21_superscaffold4
5374418	5374579	541372	541518	162	147	6243218	657213	0.00	0.02	DPSCF300001	chr21_superscaffold1
5374673	5374897	168274	168501	225	228	6243218	362865	0.00	0.06	DPSCF300001	chr21_superscaffold4
5503861	5503962	28540	28641	102	102	6243218	113663	0.00	0.09	DPSCF300001	chr21_superscaffold5
6146643	6146858	95789	95995	216	207	6243218	362865	0.00	0.06	DPSCF300001	chr21_superscaffold4
6178904	6179044	763103	763246	141	144	6243218	826721	0.00	0.02	DPSCF300001	chr21_superscaffold18
